50 50 2601
 
-1250.000 -24.619 1250.000 
 
-1200.000 -45.801 1250.000 
 
-1150.000 -47.015 1250.000 
 
-1100.000 -46.732 1250.000 
 
-1050.000 -74.559 1250.000 
 
-1000.000 -86.423 1250.000 
 
-950.000 -87.859 1250.000 
 
-900.000 -77.863 1250.000 
 
-850.000 -75.859 1250.000 
 
-800.000 -75.666 1250.000 
 
-750.000 -68.102 1250.000 
 
-700.000 -64.281 1250.000 
 
-650.000 -63.550 1250.000 
 
-600.000 -64.737 1250.000 
 
-550.000 -66.444 1250.000 
 
-500.000 -71.466 1250.000 
 
-450.000 -72.940 1250.000 
 
-400.000 -71.041 1250.000 
 
-350.000 -69.866 1250.000 
 
-300.000 -69.768 1250.000 
 
-250.000 -72.722 1250.000 
 
-200.000 -73.794 1250.000 
 
-150.000 -75.406 1250.000 
 
-100.000 -75.794 1250.000 
 
-50.000 -74.093 1250.000 
 
0.000 -68.196 1250.000 
 
50.000 -65.655 1250.000 
 
100.000 -70.920 1250.000 
 
150.000 -73.832 1250.000 
 
200.000 -73.096 1250.000 
 
250.000 -75.218 1250.000 
 
300.000 -79.696 1250.000 
 
350.000 -77.674 1250.000 
 
400.000 -70.140 1250.000 
 
450.000 -65.035 1250.000 
 
500.000 -69.473 1250.000 
 
550.000 -77.202 1250.000 
 
600.000 -81.432 1250.000 
 
650.000 -76.620 1250.000 
 
700.000 -68.888 1250.000 
 
750.000 -66.210 1250.000 
 
800.000 -70.137 1250.000 
 
850.000 -70.525 1250.000 
 
900.000 -68.075 1250.000 
 
950.000 -69.025 1250.000 
 
1000.000 -75.112 1250.000 
 
1050.000 -75.948 1250.000 
 
1100.000 -60.300 1250.000 
 
1150.000 -48.679 1250.000 
 
1200.000 -54.154 1250.000 
 
1250.000 -42.988 1250.000 
 
-1250.000 -25.619 1200.000 
 
-1200.000 -83.063 1200.000 
 
-1150.000 -107.049 1200.000 
 
-1100.000 -115.860 1200.000 
 
-1050.000 -162.794 1200.000 
 
-1000.000 -162.949 1200.000 
 
-950.000 -147.031 1200.000 
 
-900.000 -132.926 1200.000 
 
-850.000 -137.265 1200.000 
 
-800.000 -132.038 1200.000 
 
-750.000 -114.433 1200.000 
 
-700.000 -76.317 1200.000 
 
-650.000 -65.676 1200.000 
 
-600.000 -67.153 1200.000 
 
-550.000 -67.896 1200.000 
 
-500.000 -68.371 1200.000 
 
-450.000 -65.670 1200.000 
 
-400.000 -60.902 1200.000 
 
-350.000 -58.067 1200.000 
 
-300.000 -59.649 1200.000 
 
-250.000 -60.080 1200.000 
 
-200.000 -59.276 1200.000 
 
-150.000 -57.377 1200.000 
 
-100.000 -53.157 1200.000 
 
-50.000 -51.411 1200.000 
 
0.000 -47.465 1200.000 
 
50.000 -50.295 1200.000 
 
100.000 -57.125 1200.000 
 
150.000 -59.439 1200.000 
 
200.000 -56.427 1200.000 
 
250.000 -54.532 1200.000 
 
300.000 -53.844 1200.000 
 
350.000 -46.936 1200.000 
 
400.000 -39.931 1200.000 
 
450.000 -41.632 1200.000 
 
500.000 -49.250 1200.000 
 
550.000 -53.912 1200.000 
 
600.000 -50.828 1200.000 
 
650.000 -40.661 1200.000 
 
700.000 -34.710 1200.000 
 
750.000 -38.383 1200.000 
 
800.000 -45.200 1200.000 
 
850.000 -48.468 1200.000 
 
900.000 -48.882 1200.000 
 
950.000 -52.991 1200.000 
 
1000.000 -57.418 1200.000 
 
1050.000 -55.187 1200.000 
 
1100.000 -36.921 1200.000 
 
1150.000 -42.247 1200.000 
 
1200.000 -72.903 1200.000 
 
1250.000 -66.271 1200.000 
 
-1250.000 -46.779 1150.000 
 
-1200.000 -113.447 1150.000 
 
-1150.000 -151.430 1150.000 
 
-1100.000 -153.010 1150.000 
 
-1050.000 -172.373 1150.000 
 
-1000.000 -166.860 1150.000 
 
-950.000 -160.403 1150.000 
 
-900.000 -140.458 1150.000 
 
-850.000 -129.447 1150.000 
 
-800.000 -134.091 1150.000 
 
-750.000 -120.273 1150.000 
 
-700.000 -66.855 1150.000 
 
-650.000 -29.064 1150.000 
 
-600.000 -21.954 1150.000 
 
-550.000 -21.541 1150.000 
 
-500.000 -18.557 1150.000 
 
-450.000 -14.398 1150.000 
 
-400.000 -8.406 1150.000 
 
-350.000 -10.313 1150.000 
 
-300.000 -10.450 1150.000 
 
-250.000 -9.885 1150.000 
 
-200.000 -9.114 1150.000 
 
-150.000 -4.050 1150.000 
 
-100.000 -4.512 1150.000 
 
-50.000 -0.578 1150.000 
 
0.000 -1.486 1150.000 
 
50.000 -6.546 1150.000 
 
100.000 -10.205 1150.000 
 
150.000 -8.353 1150.000 
 
200.000 -4.455 1150.000 
 
250.000 -6.182 1150.000 
 
300.000 -3.505 1150.000 
 
350.000 0.000 1150.000 
 
400.000 0.000 1150.000 
 
450.000 -0.771 1150.000 
 
500.000 -4.853 1150.000 
 
550.000 -5.570 1150.000 
 
600.000 -0.417 1150.000 
 
650.000 0.000 1150.000 
 
700.000 0.000 1150.000 
 
750.000 0.000 1150.000 
 
800.000 -1.859 1150.000 
 
850.000 -0.371 1150.000 
 
900.000 -3.136 1150.000 
 
950.000 -7.426 1150.000 
 
1000.000 -7.780 1150.000 
 
1050.000 -3.920 1150.000 
 
1100.000 0.000 1150.000 
 
1150.000 -15.481 1150.000 
 
1200.000 -66.488 1150.000 
 
1250.000 -71.101 1150.000 
 
-1250.000 -57.916 1100.000 
 
-1200.000 -139.036 1100.000 
 
-1150.000 -186.587 1100.000 
 
-1100.000 -173.800 1100.000 
 
-1050.000 -169.758 1100.000 
 
-1000.000 -154.305 1100.000 
 
-950.000 -154.838 1100.000 
 
-900.000 -150.163 1100.000 
 
-850.000 -147.837 1100.000 
 
-800.000 -151.841 1100.000 
 
-750.000 -139.021 1100.000 
 
-700.000 -86.714 1100.000 
 
-650.000 -32.214 1100.000 
 
-600.000 0.000 1100.000 
 
-550.000 0.000 1100.000 
 
-500.000 0.000 1100.000 
 
-450.000 0.000 1100.000 
 
-400.000 0.000 1100.000 
 
-350.000 0.000 1100.000 
 
-300.000 0.000 1100.000 
 
-250.000 0.000 1100.000 
 
-200.000 0.000 1100.000 
 
-150.000 0.000 1100.000 
 
-100.000 0.000 1100.000 
 
-50.000 0.000 1100.000 
 
0.000 0.000 1100.000 
 
50.000 0.000 1100.000 
 
100.000 0.000 1100.000 
 
150.000 0.000 1100.000 
 
200.000 0.000 1100.000 
 
250.000 0.000 1100.000 
 
300.000 0.000 1100.000 
 
350.000 0.000 1100.000 
 
400.000 0.000 1100.000 
 
450.000 0.000 1100.000 
 
500.000 0.000 1100.000 
 
550.000 0.000 1100.000 
 
600.000 0.000 1100.000 
 
650.000 0.000 1100.000 
 
700.000 0.000 1100.000 
 
750.000 0.000 1100.000 
 
800.000 0.000 1100.000 
 
850.000 0.000 1100.000 
 
900.000 0.000 1100.000 
 
950.000 0.000 1100.000 
 
1000.000 0.000 1100.000 
 
1050.000 0.000 1100.000 
 
1100.000 0.000 1100.000 
 
1150.000 -15.262 1100.000 
 
1200.000 -58.062 1100.000 
 
1250.000 -61.516 1100.000 
 
-1250.000 -40.514 1050.000 
 
-1200.000 -116.217 1050.000 
 
-1150.000 -166.501 1050.000 
 
-1100.000 -198.228 1050.000 
 
-1050.000 -212.345 1050.000 
 
-1000.000 -182.579 1050.000 
 
-950.000 -166.446 1050.000 
 
-900.000 -163.105 1050.000 
 
-850.000 -172.759 1050.000 
 
-800.000 -162.253 1050.000 
 
-750.000 -144.957 1050.000 
 
-700.000 -107.421 1050.000 
 
-650.000 -54.838 1050.000 
 
-600.000 -6.543 1050.000 
 
-550.000 0.000 1050.000 
 
-500.000 0.000 1050.000 
 
-450.000 0.000 1050.000 
 
-400.000 0.000 1050.000 
 
-350.000 0.000 1050.000 
 
-300.000 0.000 1050.000 
 
-250.000 0.000 1050.000 
 
-200.000 0.000 1050.000 
 
-150.000 0.000 1050.000 
 
-100.000 0.000 1050.000 
 
-50.000 0.000 1050.000 
 
0.000 0.000 1050.000 
 
50.000 0.000 1050.000 
 
100.000 0.000 1050.000 
 
150.000 0.000 1050.000 
 
200.000 0.000 1050.000 
 
250.000 0.000 1050.000 
 
300.000 0.000 1050.000 
 
350.000 0.000 1050.000 
 
400.000 0.000 1050.000 
 
450.000 0.000 1050.000 
 
500.000 0.000 1050.000 
 
550.000 0.000 1050.000 
 
600.000 0.000 1050.000 
 
650.000 0.000 1050.000 
 
700.000 0.000 1050.000 
 
750.000 0.000 1050.000 
 
800.000 0.000 1050.000 
 
850.000 0.000 1050.000 
 
900.000 0.000 1050.000 
 
950.000 0.000 1050.000 
 
1000.000 0.000 1050.000 
 
1050.000 0.000 1050.000 
 
1100.000 0.000 1050.000 
 
1150.000 -15.729 1050.000 
 
1200.000 -59.338 1050.000 
 
1250.000 -61.929 1050.000 
 
-1250.000 -39.582 1000.000 
 
-1200.000 -86.400 1000.000 
 
-1150.000 -151.479 1000.000 
 
-1100.000 -206.536 1000.000 
 
-1050.000 -242.881 1000.000 
 
-1000.000 -189.047 1000.000 
 
-950.000 -129.236 1000.000 
 
-900.000 -135.995 1000.000 
 
-850.000 -167.012 1000.000 
 
-800.000 -173.313 1000.000 
 
-750.000 -126.729 1000.000 
 
-700.000 -96.948 1000.000 
 
-650.000 -62.860 1000.000 
 
-600.000 -14.987 1000.000 
 
-550.000 0.000 1000.000 
 
-500.000 0.000 1000.000 
 
-450.000 0.000 1000.000 
 
-400.000 0.000 1000.000 
 
-350.000 0.000 1000.000 
 
-300.000 0.000 1000.000 
 
-250.000 0.000 1000.000 
 
-200.000 0.000 1000.000 
 
-150.000 0.000 1000.000 
 
-100.000 0.000 1000.000 
 
-50.000 0.000 1000.000 
 
0.000 0.000 1000.000 
 
50.000 0.000 1000.000 
 
100.000 0.000 1000.000 
 
150.000 0.000 1000.000 
 
200.000 0.000 1000.000 
 
250.000 0.000 1000.000 
 
300.000 0.000 1000.000 
 
350.000 0.000 1000.000 
 
400.000 0.000 1000.000 
 
450.000 0.000 1000.000 
 
500.000 0.000 1000.000 
 
550.000 0.000 1000.000 
 
600.000 0.000 1000.000 
 
650.000 0.000 1000.000 
 
700.000 0.000 1000.000 
 
750.000 0.000 1000.000 
 
800.000 0.000 1000.000 
 
850.000 0.000 1000.000 
 
900.000 0.000 1000.000 
 
950.000 0.000 1000.000 
 
1000.000 0.000 1000.000 
 
1050.000 0.000 1000.000 
 
1100.000 0.000 1000.000 
 
1150.000 -14.573 1000.000 
 
1200.000 -58.607 1000.000 
 
1250.000 -60.664 1000.000 
 
-1250.000 -42.884 950.000 
 
-1200.000 -69.694 950.000 
 
-1150.000 -94.387 950.000 
 
-1100.000 -147.721 950.000 
 
-1050.000 -198.605 950.000 
 
-1000.000 -168.660 950.000 
 
-950.000 -117.245 950.000 
 
-900.000 -132.544 950.000 
 
-850.000 -173.821 950.000 
 
-800.000 -164.815 950.000 
 
-750.000 -103.069 950.000 
 
-700.000 -91.473 950.000 
 
-650.000 -63.844 950.000 
 
-600.000 -20.664 950.000 
 
-550.000 0.000 950.000 
 
-500.000 0.000 950.000 
 
-450.000 0.000 950.000 
 
-400.000 0.000 950.000 
 
-350.000 0.000 950.000 
 
-300.000 0.000 950.000 
 
-250.000 0.000 950.000 
 
-200.000 0.000 950.000 
 
-150.000 0.000 950.000 
 
-100.000 0.000 950.000 
 
-50.000 0.000 950.000 
 
0.000 0.000 950.000 
 
50.000 0.000 950.000 
 
100.000 0.000 950.000 
 
150.000 0.000 950.000 
 
200.000 0.000 950.000 
 
250.000 0.000 950.000 
 
300.000 0.000 950.000 
 
350.000 0.000 950.000 
 
400.000 0.000 950.000 
 
450.000 0.000 950.000 
 
500.000 0.000 950.000 
 
550.000 0.000 950.000 
 
600.000 0.000 950.000 
 
650.000 0.000 950.000 
 
700.000 0.000 950.000 
 
750.000 0.000 950.000 
 
800.000 0.000 950.000 
 
850.000 0.000 950.000 
 
900.000 0.000 950.000 
 
950.000 0.000 950.000 
 
1000.000 0.000 950.000 
 
1050.000 0.000 950.000 
 
1100.000 0.000 950.000 
 
1150.000 -15.800 950.000 
 
1200.000 -56.846 950.000 
 
1250.000 -57.753 950.000 
 
-1250.000 -46.024 900.000 
 
-1200.000 -63.003 900.000 
 
-1150.000 -60.001 900.000 
 
-1100.000 -106.861 900.000 
 
-1050.000 -144.187 900.000 
 
-1000.000 -116.566 900.000 
 
-950.000 -92.168 900.000 
 
-900.000 -129.054 900.000 
 
-850.000 -173.690 900.000 
 
-800.000 -167.812 900.000 
 
-750.000 -124.953 900.000 
 
-700.000 -103.695 900.000 
 
-650.000 -68.571 900.000 
 
-600.000 -22.947 900.000 
 
-550.000 0.000 900.000 
 
-500.000 0.000 900.000 
 
-450.000 0.000 900.000 
 
-400.000 0.000 900.000 
 
-350.000 0.000 900.000 
 
-300.000 0.000 900.000 
 
-250.000 0.000 900.000 
 
-200.000 0.000 900.000 
 
-150.000 0.000 900.000 
 
-100.000 0.000 900.000 
 
-50.000 0.000 900.000 
 
0.000 0.000 900.000 
 
50.000 0.000 900.000 
 
100.000 0.000 900.000 
 
150.000 0.000 900.000 
 
200.000 0.000 900.000 
 
250.000 0.000 900.000 
 
300.000 0.000 900.000 
 
350.000 0.000 900.000 
 
400.000 0.000 900.000 
 
450.000 0.000 900.000 
 
500.000 0.000 900.000 
 
550.000 0.000 900.000 
 
600.000 0.000 900.000 
 
650.000 0.000 900.000 
 
700.000 0.000 900.000 
 
750.000 0.000 900.000 
 
800.000 0.000 900.000 
 
850.000 0.000 900.000 
 
900.000 0.000 900.000 
 
950.000 0.000 900.000 
 
1000.000 0.000 900.000 
 
1050.000 0.000 900.000 
 
1100.000 0.000 900.000 
 
1150.000 -18.359 900.000 
 
1200.000 -58.282 900.000 
 
1250.000 -56.384 900.000 
 
-1250.000 -49.327 850.000 
 
-1200.000 -63.477 850.000 
 
-1150.000 -58.361 850.000 
 
-1100.000 -88.128 850.000 
 
-1050.000 -109.280 850.000 
 
-1000.000 -79.685 850.000 
 
-950.000 -70.351 850.000 
 
-900.000 -121.096 850.000 
 
-850.000 -166.897 850.000 
 
-800.000 -144.990 850.000 
 
-750.000 -101.693 850.000 
 
-700.000 -80.995 850.000 
 
-650.000 -56.297 850.000 
 
-600.000 -16.255 850.000 
 
-550.000 0.000 850.000 
 
-500.000 0.000 850.000 
 
-450.000 0.000 850.000 
 
-400.000 0.000 850.000 
 
-350.000 0.000 850.000 
 
-300.000 0.000 850.000 
 
-250.000 0.000 850.000 
 
-200.000 0.000 850.000 
 
-150.000 0.000 850.000 
 
-100.000 0.000 850.000 
 
-50.000 0.000 850.000 
 
0.000 0.000 850.000 
 
50.000 0.000 850.000 
 
100.000 0.000 850.000 
 
150.000 0.000 850.000 
 
200.000 0.000 850.000 
 
250.000 0.000 850.000 
 
300.000 0.000 850.000 
 
350.000 0.000 850.000 
 
400.000 0.000 850.000 
 
450.000 0.000 850.000 
 
500.000 0.000 850.000 
 
550.000 0.000 850.000 
 
600.000 0.000 850.000 
 
650.000 0.000 850.000 
 
700.000 0.000 850.000 
 
750.000 0.000 850.000 
 
800.000 0.000 850.000 
 
850.000 0.000 850.000 
 
900.000 0.000 850.000 
 
950.000 0.000 850.000 
 
1000.000 0.000 850.000 
 
1050.000 0.000 850.000 
 
1100.000 0.000 850.000 
 
1150.000 -20.600 850.000 
 
1200.000 -61.179 850.000 
 
1250.000 -58.179 850.000 
 
-1250.000 -53.568 800.000 
 
-1200.000 -69.928 800.000 
 
-1150.000 -66.147 800.000 
 
-1100.000 -89.395 800.000 
 
-1050.000 -111.168 800.000 
 
-1000.000 -67.777 800.000 
 
-950.000 -66.751 800.000 
 
-900.000 -117.327 800.000 
 
-850.000 -138.945 800.000 
 
-800.000 -99.326 800.000 
 
-750.000 -55.643 800.000 
 
-700.000 -42.465 800.000 
 
-650.000 -24.664 800.000 
 
-600.000 -2.394 800.000 
 
-550.000 0.000 800.000 
 
-500.000 0.000 800.000 
 
-450.000 0.000 800.000 
 
-400.000 0.000 800.000 
 
-350.000 0.000 800.000 
 
-300.000 0.000 800.000 
 
-250.000 0.000 800.000 
 
-200.000 0.000 800.000 
 
-150.000 0.000 800.000 
 
-100.000 0.000 800.000 
 
-50.000 0.000 800.000 
 
0.000 0.000 800.000 
 
50.000 0.000 800.000 
 
100.000 0.000 800.000 
 
150.000 0.000 800.000 
 
200.000 0.000 800.000 
 
250.000 0.000 800.000 
 
300.000 0.000 800.000 
 
350.000 0.000 800.000 
 
400.000 0.000 800.000 
 
450.000 0.000 800.000 
 
500.000 0.000 800.000 
 
550.000 0.000 800.000 
 
600.000 0.000 800.000 
 
650.000 0.000 800.000 
 
700.000 0.000 800.000 
 
750.000 0.000 800.000 
 
800.000 0.000 800.000 
 
850.000 0.000 800.000 
 
900.000 0.000 800.000 
 
950.000 0.000 800.000 
 
1000.000 0.000 800.000 
 
1050.000 0.000 800.000 
 
1100.000 0.000 800.000 
 
1150.000 -21.058 800.000 
 
1200.000 -63.256 800.000 
 
1250.000 -60.634 800.000 
 
-1250.000 -54.020 750.000 
 
-1200.000 -75.290 750.000 
 
-1150.000 -68.302 750.000 
 
-1100.000 -66.133 750.000 
 
-1050.000 -89.482 750.000 
 
-1000.000 -78.596 750.000 
 
-950.000 -79.636 750.000 
 
-900.000 -99.017 750.000 
 
-850.000 -94.075 750.000 
 
-800.000 -46.624 750.000 
 
-750.000 -8.273 750.000 
 
-700.000 -1.458 750.000 
 
-650.000 0.000 750.000 
 
-600.000 0.000 750.000 
 
-550.000 0.000 750.000 
 
-500.000 0.000 750.000 
 
-450.000 0.000 750.000 
 
-400.000 0.000 750.000 
 
-350.000 0.000 750.000 
 
-300.000 0.000 750.000 
 
-250.000 0.000 750.000 
 
-200.000 0.000 750.000 
 
-150.000 0.000 750.000 
 
-100.000 0.000 750.000 
 
-50.000 0.000 750.000 
 
0.000 0.000 750.000 
 
50.000 0.000 750.000 
 
100.000 0.000 750.000 
 
150.000 0.000 750.000 
 
200.000 0.000 750.000 
 
250.000 0.000 750.000 
 
300.000 0.000 750.000 
 
350.000 0.000 750.000 
 
400.000 0.000 750.000 
 
450.000 0.000 750.000 
 
500.000 0.000 750.000 
 
550.000 0.000 750.000 
 
600.000 0.000 750.000 
 
650.000 0.000 750.000 
 
700.000 0.000 750.000 
 
750.000 0.000 750.000 
 
800.000 0.000 750.000 
 
850.000 0.000 750.000 
 
900.000 0.000 750.000 
 
950.000 0.000 750.000 
 
1000.000 0.000 750.000 
 
1050.000 0.000 750.000 
 
1100.000 0.000 750.000 
 
1150.000 -18.776 750.000 
 
1200.000 -62.753 750.000 
 
1250.000 -61.389 750.000 
 
-1250.000 -47.698 700.000 
 
-1200.000 -73.505 700.000 
 
-1150.000 -54.348 700.000 
 
-1100.000 -36.834 700.000 
 
-1050.000 -49.584 700.000 
 
-1000.000 -48.610 700.000 
 
-950.000 -48.575 700.000 
 
-900.000 -49.548 700.000 
 
-850.000 -37.696 700.000 
 
-800.000 -12.755 700.000 
 
-750.000 0.000 700.000 
 
-700.000 0.000 700.000 
 
-650.000 0.000 700.000 
 
-600.000 0.000 700.000 
 
-550.000 0.000 700.000 
 
-500.000 0.000 700.000 
 
-450.000 0.000 700.000 
 
-400.000 0.000 700.000 
 
-350.000 0.000 700.000 
 
-300.000 0.000 700.000 
 
-250.000 0.000 700.000 
 
-200.000 0.000 700.000 
 
-150.000 0.000 700.000 
 
-100.000 0.000 700.000 
 
-50.000 0.000 700.000 
 
0.000 0.000 700.000 
 
50.000 0.000 700.000 
 
100.000 0.000 700.000 
 
150.000 0.000 700.000 
 
200.000 0.000 700.000 
 
250.000 0.000 700.000 
 
300.000 0.000 700.000 
 
350.000 0.000 700.000 
 
400.000 0.000 700.000 
 
450.000 0.000 700.000 
 
500.000 0.000 700.000 
 
550.000 0.000 700.000 
 
600.000 0.000 700.000 
 
650.000 0.000 700.000 
 
700.000 0.000 700.000 
 
750.000 0.000 700.000 
 
800.000 0.000 700.000 
 
850.000 0.000 700.000 
 
900.000 0.000 700.000 
 
950.000 0.000 700.000 
 
1000.000 0.000 700.000 
 
1050.000 0.000 700.000 
 
1100.000 0.000 700.000 
 
1150.000 -17.475 700.000 
 
1200.000 -59.940 700.000 
 
1250.000 -59.289 700.000 
 
-1250.000 -39.692 650.000 
 
-1200.000 -66.775 650.000 
 
-1150.000 -42.037 650.000 
 
-1100.000 -3.103 650.000 
 
-1050.000 -5.388 650.000 
 
-1000.000 -5.408 650.000 
 
-950.000 -5.407 650.000 
 
-900.000 -5.331 650.000 
 
-850.000 -2.869 650.000 
 
-800.000 0.000 650.000 
 
-750.000 0.000 650.000 
 
-700.000 0.000 650.000 
 
-650.000 0.000 650.000 
 
-600.000 0.000 650.000 
 
-550.000 0.000 650.000 
 
-500.000 0.000 650.000 
 
-450.000 0.000 650.000 
 
-400.000 0.000 650.000 
 
-350.000 0.000 650.000 
 
-300.000 0.000 650.000 
 
-250.000 0.000 650.000 
 
-200.000 0.000 650.000 
 
-150.000 0.000 650.000 
 
-100.000 0.000 650.000 
 
-50.000 0.000 650.000 
 
0.000 0.000 650.000 
 
50.000 0.000 650.000 
 
100.000 0.000 650.000 
 
150.000 0.000 650.000 
 
200.000 0.000 650.000 
 
250.000 0.000 650.000 
 
300.000 0.000 650.000 
 
350.000 0.000 650.000 
 
400.000 0.000 650.000 
 
450.000 0.000 650.000 
 
500.000 0.000 650.000 
 
550.000 0.000 650.000 
 
600.000 0.000 650.000 
 
650.000 0.000 650.000 
 
700.000 0.000 650.000 
 
750.000 0.000 650.000 
 
800.000 0.000 650.000 
 
850.000 0.000 650.000 
 
900.000 0.000 650.000 
 
950.000 0.000 650.000 
 
1000.000 0.000 650.000 
 
1050.000 0.000 650.000 
 
1100.000 0.000 650.000 
 
1150.000 -17.979 650.000 
 
1200.000 -58.608 650.000 
 
1250.000 -56.761 650.000 
 
-1250.000 -40.825 600.000 
 
-1200.000 -63.644 600.000 
 
-1150.000 -38.239 600.000 
 
-1100.000 0.000 600.000 
 
-1050.000 0.000 600.000 
 
-1000.000 0.000 600.000 
 
-950.000 0.000 600.000 
 
-900.000 0.000 600.000 
 
-850.000 0.000 600.000 
 
-800.000 0.000 600.000 
 
-750.000 0.000 600.000 
 
-700.000 0.000 600.000 
 
-650.000 0.000 600.000 
 
-600.000 0.000 600.000 
 
-550.000 0.000 600.000 
 
-500.000 0.000 600.000 
 
-450.000 0.000 600.000 
 
-400.000 0.000 600.000 
 
-350.000 0.000 600.000 
 
-300.000 0.000 600.000 
 
-250.000 0.000 600.000 
 
-200.000 0.000 600.000 
 
-150.000 0.000 600.000 
 
-100.000 0.000 600.000 
 
-50.000 0.000 600.000 
 
0.000 0.000 600.000 
 
50.000 0.000 600.000 
 
100.000 0.000 600.000 
 
150.000 0.000 600.000 
 
200.000 0.000 600.000 
 
250.000 0.000 600.000 
 
300.000 0.000 600.000 
 
350.000 0.000 600.000 
 
400.000 0.000 600.000 
 
450.000 0.000 600.000 
 
500.000 0.000 600.000 
 
550.000 0.000 600.000 
 
600.000 0.000 600.000 
 
650.000 0.000 600.000 
 
700.000 0.000 600.000 
 
750.000 0.000 600.000 
 
800.000 0.000 600.000 
 
850.000 0.000 600.000 
 
900.000 0.000 600.000 
 
950.000 0.000 600.000 
 
1000.000 0.000 600.000 
 
1050.000 0.000 600.000 
 
1100.000 0.000 600.000 
 
1150.000 -20.492 600.000 
 
1200.000 -60.338 600.000 
 
1250.000 -56.806 600.000 
 
-1250.000 -44.070 550.000 
 
-1200.000 -63.347 550.000 
 
-1150.000 -34.755 550.000 
 
-1100.000 0.000 550.000 
 
-1050.000 0.000 550.000 
 
-1000.000 0.000 550.000 
 
-950.000 0.000 550.000 
 
-900.000 0.000 550.000 
 
-850.000 0.000 550.000 
 
-800.000 0.000 550.000 
 
-750.000 0.000 550.000 
 
-700.000 0.000 550.000 
 
-650.000 0.000 550.000 
 
-600.000 0.000 550.000 
 
-550.000 0.000 550.000 
 
-500.000 0.000 550.000 
 
-450.000 0.000 550.000 
 
-400.000 0.000 550.000 
 
-350.000 0.000 550.000 
 
-300.000 0.000 550.000 
 
-250.000 0.000 550.000 
 
-200.000 0.000 550.000 
 
-150.000 0.000 550.000 
 
-100.000 0.000 550.000 
 
-50.000 0.000 550.000 
 
0.000 0.000 550.000 
 
50.000 0.000 550.000 
 
100.000 0.000 550.000 
 
150.000 0.000 550.000 
 
200.000 0.000 550.000 
 
250.000 0.000 550.000 
 
300.000 0.000 550.000 
 
350.000 0.000 550.000 
 
400.000 0.000 550.000 
 
450.000 0.000 550.000 
 
500.000 0.000 550.000 
 
550.000 0.000 550.000 
 
600.000 0.000 550.000 
 
650.000 0.000 550.000 
 
700.000 0.000 550.000 
 
750.000 0.000 550.000 
 
800.000 0.000 550.000 
 
850.000 0.000 550.000 
 
900.000 0.000 550.000 
 
950.000 0.000 550.000 
 
1000.000 0.000 550.000 
 
1050.000 0.000 550.000 
 
1100.000 0.000 550.000 
 
1150.000 -21.741 550.000 
 
1200.000 -63.842 550.000 
 
1250.000 -61.300 550.000 
 
-1250.000 -47.156 500.000 
 
-1200.000 -62.794 500.000 
 
-1150.000 -31.181 500.000 
 
-1100.000 0.000 500.000 
 
-1050.000 0.000 500.000 
 
-1000.000 0.000 500.000 
 
-950.000 0.000 500.000 
 
-900.000 0.000 500.000 
 
-850.000 0.000 500.000 
 
-800.000 0.000 500.000 
 
-750.000 0.000 500.000 
 
-700.000 0.000 500.000 
 
-650.000 0.000 500.000 
 
-600.000 0.000 500.000 
 
-550.000 0.000 500.000 
 
-500.000 0.000 500.000 
 
-450.000 0.000 500.000 
 
-400.000 0.000 500.000 
 
-350.000 0.000 500.000 
 
-300.000 0.000 500.000 
 
-250.000 0.000 500.000 
 
-200.000 0.000 500.000 
 
-150.000 0.000 500.000 
 
-100.000 0.000 500.000 
 
-50.000 0.000 500.000 
 
0.000 0.000 500.000 
 
50.000 0.000 500.000 
 
100.000 0.000 500.000 
 
150.000 0.000 500.000 
 
200.000 0.000 500.000 
 
250.000 0.000 500.000 
 
300.000 0.000 500.000 
 
350.000 0.000 500.000 
 
400.000 0.000 500.000 
 
450.000 0.000 500.000 
 
500.000 0.000 500.000 
 
550.000 0.000 500.000 
 
600.000 0.000 500.000 
 
650.000 0.000 500.000 
 
700.000 0.000 500.000 
 
750.000 0.000 500.000 
 
800.000 0.000 500.000 
 
850.000 0.000 500.000 
 
900.000 0.000 500.000 
 
950.000 0.000 500.000 
 
1000.000 0.000 500.000 
 
1050.000 0.000 500.000 
 
1100.000 0.000 500.000 
 
1150.000 -19.325 500.000 
 
1200.000 -64.053 500.000 
 
1250.000 -63.552 500.000 
 
-1250.000 -51.084 450.000 
 
-1200.000 -65.868 450.000 
 
-1150.000 -29.363 450.000 
 
-1100.000 0.000 450.000 
 
-1050.000 0.000 450.000 
 
-1000.000 0.000 450.000 
 
-950.000 0.000 450.000 
 
-900.000 0.000 450.000 
 
-850.000 0.000 450.000 
 
-800.000 0.000 450.000 
 
-750.000 0.000 450.000 
 
-700.000 0.000 450.000 
 
-650.000 0.000 450.000 
 
-600.000 0.000 450.000 
 
-550.000 0.000 450.000 
 
-500.000 0.000 450.000 
 
-450.000 0.000 450.000 
 
-400.000 0.000 450.000 
 
-350.000 0.000 450.000 
 
-300.000 0.000 450.000 
 
-250.000 0.000 450.000 
 
-200.000 0.000 450.000 
 
-150.000 0.000 450.000 
 
-100.000 0.000 450.000 
 
-50.000 0.000 450.000 
 
0.000 0.000 450.000 
 
50.000 0.000 450.000 
 
100.000 0.000 450.000 
 
150.000 0.000 450.000 
 
200.000 0.000 450.000 
 
250.000 0.000 450.000 
 
300.000 0.000 450.000 
 
350.000 0.000 450.000 
 
400.000 0.000 450.000 
 
450.000 0.000 450.000 
 
500.000 0.000 450.000 
 
550.000 0.000 450.000 
 
600.000 0.000 450.000 
 
650.000 0.000 450.000 
 
700.000 0.000 450.000 
 
750.000 0.000 450.000 
 
800.000 0.000 450.000 
 
850.000 0.000 450.000 
 
900.000 0.000 450.000 
 
950.000 0.000 450.000 
 
1000.000 0.000 450.000 
 
1050.000 0.000 450.000 
 
1100.000 0.000 450.000 
 
1150.000 -15.058 450.000 
 
1200.000 -60.260 450.000 
 
1250.000 -61.612 450.000 
 
-1250.000 -54.307 400.000 
 
-1200.000 -73.102 400.000 
 
-1150.000 -37.210 400.000 
 
-1100.000 0.000 400.000 
 
-1050.000 0.000 400.000 
 
-1000.000 0.000 400.000 
 
-950.000 0.000 400.000 
 
-900.000 0.000 400.000 
 
-850.000 0.000 400.000 
 
-800.000 0.000 400.000 
 
-750.000 0.000 400.000 
 
-700.000 0.000 400.000 
 
-650.000 0.000 400.000 
 
-600.000 0.000 400.000 
 
-550.000 0.000 400.000 
 
-500.000 0.000 400.000 
 
-450.000 0.000 400.000 
 
-400.000 0.000 400.000 
 
-350.000 0.000 400.000 
 
-300.000 0.000 400.000 
 
-250.000 0.000 400.000 
 
-200.000 0.000 400.000 
 
-150.000 0.000 400.000 
 
-100.000 0.000 400.000 
 
-50.000 0.000 400.000 
 
0.000 0.000 400.000 
 
50.000 0.000 400.000 
 
100.000 0.000 400.000 
 
150.000 0.000 400.000 
 
200.000 0.000 400.000 
 
250.000 0.000 400.000 
 
300.000 0.000 400.000 
 
350.000 0.000 400.000 
 
400.000 0.000 400.000 
 
450.000 0.000 400.000 
 
500.000 0.000 400.000 
 
550.000 0.000 400.000 
 
600.000 0.000 400.000 
 
650.000 0.000 400.000 
 
700.000 0.000 400.000 
 
750.000 0.000 400.000 
 
800.000 0.000 400.000 
 
850.000 0.000 400.000 
 
900.000 0.000 400.000 
 
950.000 0.000 400.000 
 
1000.000 0.000 400.000 
 
1050.000 0.000 400.000 
 
1100.000 0.000 400.000 
 
1150.000 -15.341 400.000 
 
1200.000 -57.855 400.000 
 
1250.000 -60.195 400.000 
 
-1250.000 -51.646 350.000 
 
-1200.000 -75.199 350.000 
 
-1150.000 -43.707 350.000 
 
-1100.000 -0.554 350.000 
 
-1050.000 0.000 350.000 
 
-1000.000 0.000 350.000 
 
-950.000 0.000 350.000 
 
-900.000 0.000 350.000 
 
-850.000 0.000 350.000 
 
-800.000 0.000 350.000 
 
-750.000 0.000 350.000 
 
-700.000 0.000 350.000 
 
-650.000 0.000 350.000 
 
-600.000 0.000 350.000 
 
-550.000 0.000 350.000 
 
-500.000 0.000 350.000 
 
-450.000 0.000 350.000 
 
-400.000 0.000 350.000 
 
-350.000 0.000 350.000 
 
-300.000 0.000 350.000 
 
-250.000 0.000 350.000 
 
-200.000 0.000 350.000 
 
-150.000 0.000 350.000 
 
-100.000 0.000 350.000 
 
-50.000 0.000 350.000 
 
0.000 0.000 350.000 
 
50.000 0.000 350.000 
 
100.000 0.000 350.000 
 
150.000 0.000 350.000 
 
200.000 0.000 350.000 
 
250.000 0.000 350.000 
 
300.000 0.000 350.000 
 
350.000 0.000 350.000 
 
400.000 0.000 350.000 
 
450.000 0.000 350.000 
 
500.000 0.000 350.000 
 
550.000 0.000 350.000 
 
600.000 0.000 350.000 
 
650.000 0.000 350.000 
 
700.000 0.000 350.000 
 
750.000 0.000 350.000 
 
800.000 0.000 350.000 
 
850.000 0.000 350.000 
 
900.000 0.000 350.000 
 
950.000 0.000 350.000 
 
1000.000 0.000 350.000 
 
1050.000 0.000 350.000 
 
1100.000 0.000 350.000 
 
1150.000 -16.550 350.000 
 
1200.000 -59.056 350.000 
 
1250.000 -60.304 350.000 
 
-1250.000 -43.222 300.000 
 
-1200.000 -70.331 300.000 
 
-1150.000 -43.734 300.000 
 
-1100.000 -1.352 300.000 
 
-1050.000 0.000 300.000 
 
-1000.000 0.000 300.000 
 
-950.000 0.000 300.000 
 
-900.000 0.000 300.000 
 
-850.000 0.000 300.000 
 
-800.000 0.000 300.000 
 
-750.000 0.000 300.000 
 
-700.000 0.000 300.000 
 
-650.000 0.000 300.000 
 
-600.000 0.000 300.000 
 
-550.000 0.000 300.000 
 
-500.000 0.000 300.000 
 
-450.000 0.000 300.000 
 
-400.000 0.000 300.000 
 
-350.000 0.000 300.000 
 
-300.000 0.000 300.000 
 
-250.000 0.000 300.000 
 
-200.000 0.000 300.000 
 
-150.000 0.000 300.000 
 
-100.000 0.000 300.000 
 
-50.000 0.000 300.000 
 
0.000 0.000 300.000 
 
50.000 0.000 300.000 
 
100.000 0.000 300.000 
 
150.000 0.000 300.000 
 
200.000 0.000 300.000 
 
250.000 0.000 300.000 
 
300.000 0.000 300.000 
 
350.000 0.000 300.000 
 
400.000 0.000 300.000 
 
450.000 0.000 300.000 
 
500.000 0.000 300.000 
 
550.000 0.000 300.000 
 
600.000 0.000 300.000 
 
650.000 0.000 300.000 
 
700.000 0.000 300.000 
 
750.000 0.000 300.000 
 
800.000 0.000 300.000 
 
850.000 0.000 300.000 
 
900.000 0.000 300.000 
 
950.000 0.000 300.000 
 
1000.000 0.000 300.000 
 
1050.000 0.000 300.000 
 
1100.000 0.000 300.000 
 
1150.000 -16.571 300.000 
 
1200.000 -59.061 300.000 
 
1250.000 -59.115 300.000 
 
-1250.000 -39.365 250.000 
 
-1200.000 -64.494 250.000 
 
-1150.000 -39.963 250.000 
 
-1100.000 -0.084 250.000 
 
-1050.000 0.000 250.000 
 
-1000.000 0.000 250.000 
 
-950.000 0.000 250.000 
 
-900.000 0.000 250.000 
 
-850.000 0.000 250.000 
 
-800.000 0.000 250.000 
 
-750.000 0.000 250.000 
 
-700.000 0.000 250.000 
 
-650.000 0.000 250.000 
 
-600.000 0.000 250.000 
 
-550.000 0.000 250.000 
 
-500.000 0.000 250.000 
 
-450.000 0.000 250.000 
 
-400.000 0.000 250.000 
 
-350.000 0.000 250.000 
 
-300.000 0.000 250.000 
 
-250.000 0.000 250.000 
 
-200.000 0.000 250.000 
 
-150.000 0.000 250.000 
 
-100.000 0.000 250.000 
 
-50.000 0.000 250.000 
 
0.000 0.000 250.000 
 
50.000 0.000 250.000 
 
100.000 0.000 250.000 
 
150.000 0.000 250.000 
 
200.000 0.000 250.000 
 
250.000 0.000 250.000 
 
300.000 0.000 250.000 
 
350.000 0.000 250.000 
 
400.000 0.000 250.000 
 
450.000 0.000 250.000 
 
500.000 0.000 250.000 
 
550.000 0.000 250.000 
 
600.000 0.000 250.000 
 
650.000 0.000 250.000 
 
700.000 0.000 250.000 
 
750.000 0.000 250.000 
 
800.000 0.000 250.000 
 
850.000 0.000 250.000 
 
900.000 0.000 250.000 
 
950.000 0.000 250.000 
 
1000.000 0.000 250.000 
 
1050.000 0.000 250.000 
 
1100.000 0.000 250.000 
 
1150.000 -17.859 250.000 
 
1200.000 -58.118 250.000 
 
1250.000 -56.631 250.000 
 
-1250.000 -42.534 200.000 
 
-1200.000 -63.525 200.000 
 
-1150.000 -36.442 200.000 
 
-1100.000 0.000 200.000 
 
-1050.000 0.000 200.000 
 
-1000.000 0.000 200.000 
 
-950.000 0.000 200.000 
 
-900.000 0.000 200.000 
 
-850.000 0.000 200.000 
 
-800.000 0.000 200.000 
 
-750.000 0.000 200.000 
 
-700.000 0.000 200.000 
 
-650.000 0.000 200.000 
 
-600.000 0.000 200.000 
 
-550.000 0.000 200.000 
 
-500.000 0.000 200.000 
 
-450.000 0.000 200.000 
 
-400.000 0.000 200.000 
 
-350.000 0.000 200.000 
 
-300.000 0.000 200.000 
 
-250.000 0.000 200.000 
 
-200.000 0.000 200.000 
 
-150.000 0.000 200.000 
 
-100.000 0.000 200.000 
 
-50.000 0.000 200.000 
 
0.000 0.000 200.000 
 
50.000 0.000 200.000 
 
100.000 0.000 200.000 
 
150.000 0.000 200.000 
 
200.000 0.000 200.000 
 
250.000 0.000 200.000 
 
300.000 0.000 200.000 
 
350.000 0.000 200.000 
 
400.000 0.000 200.000 
 
450.000 0.000 200.000 
 
500.000 0.000 200.000 
 
550.000 0.000 200.000 
 
600.000 0.000 200.000 
 
650.000 0.000 200.000 
 
700.000 0.000 200.000 
 
750.000 0.000 200.000 
 
800.000 0.000 200.000 
 
850.000 0.000 200.000 
 
900.000 0.000 200.000 
 
950.000 0.000 200.000 
 
1000.000 0.000 200.000 
 
1050.000 0.000 200.000 
 
1100.000 0.000 200.000 
 
1150.000 -20.226 200.000 
 
1200.000 -61.132 200.000 
 
1250.000 -58.794 200.000 
 
-1250.000 -45.698 150.000 
 
-1200.000 -63.097 150.000 
 
-1150.000 -32.904 150.000 
 
-1100.000 0.000 150.000 
 
-1050.000 0.000 150.000 
 
-1000.000 0.000 150.000 
 
-950.000 0.000 150.000 
 
-900.000 0.000 150.000 
 
-850.000 0.000 150.000 
 
-800.000 0.000 150.000 
 
-750.000 0.000 150.000 
 
-700.000 0.000 150.000 
 
-650.000 0.000 150.000 
 
-600.000 0.000 150.000 
 
-550.000 0.000 150.000 
 
-500.000 0.000 150.000 
 
-450.000 0.000 150.000 
 
-400.000 0.000 150.000 
 
-350.000 0.000 150.000 
 
-300.000 0.000 150.000 
 
-250.000 0.000 150.000 
 
-200.000 0.000 150.000 
 
-150.000 0.000 150.000 
 
-100.000 0.000 150.000 
 
-50.000 0.000 150.000 
 
0.000 0.000 150.000 
 
50.000 0.000 150.000 
 
100.000 0.000 150.000 
 
150.000 0.000 150.000 
 
200.000 0.000 150.000 
 
250.000 0.000 150.000 
 
300.000 0.000 150.000 
 
350.000 0.000 150.000 
 
400.000 0.000 150.000 
 
450.000 0.000 150.000 
 
500.000 0.000 150.000 
 
550.000 0.000 150.000 
 
600.000 0.000 150.000 
 
650.000 0.000 150.000 
 
700.000 0.000 150.000 
 
750.000 0.000 150.000 
 
800.000 0.000 150.000 
 
850.000 0.000 150.000 
 
900.000 0.000 150.000 
 
950.000 0.000 150.000 
 
1000.000 0.000 150.000 
 
1050.000 0.000 150.000 
 
1100.000 0.000 150.000 
 
1150.000 -20.491 150.000 
 
1200.000 -63.645 150.000 
 
1250.000 -62.579 150.000 
 
-1250.000 -49.440 100.000 
 
-1200.000 -65.233 100.000 
 
-1150.000 -30.496 100.000 
 
-1100.000 0.000 100.000 
 
-1050.000 0.000 100.000 
 
-1000.000 0.000 100.000 
 
-950.000 0.000 100.000 
 
-900.000 0.000 100.000 
 
-850.000 0.000 100.000 
 
-800.000 0.000 100.000 
 
-750.000 0.000 100.000 
 
-700.000 0.000 100.000 
 
-650.000 0.000 100.000 
 
-600.000 0.000 100.000 
 
-550.000 0.000 100.000 
 
-500.000 0.000 100.000 
 
-450.000 0.000 100.000 
 
-400.000 0.000 100.000 
 
-350.000 0.000 100.000 
 
-300.000 0.000 100.000 
 
-250.000 0.000 100.000 
 
-200.000 0.000 100.000 
 
-150.000 0.000 100.000 
 
-100.000 0.000 100.000 
 
-50.000 0.000 100.000 
 
0.000 0.000 100.000 
 
50.000 0.000 100.000 
 
100.000 0.000 100.000 
 
150.000 0.000 100.000 
 
200.000 0.000 100.000 
 
250.000 0.000 100.000 
 
300.000 0.000 100.000 
 
350.000 0.000 100.000 
 
400.000 0.000 100.000 
 
450.000 0.000 100.000 
 
500.000 0.000 100.000 
 
550.000 0.000 100.000 
 
600.000 0.000 100.000 
 
650.000 0.000 100.000 
 
700.000 0.000 100.000 
 
750.000 0.000 100.000 
 
800.000 0.000 100.000 
 
850.000 0.000 100.000 
 
900.000 0.000 100.000 
 
950.000 0.000 100.000 
 
1000.000 0.000 100.000 
 
1050.000 0.000 100.000 
 
1100.000 0.000 100.000 
 
1150.000 -17.116 100.000 
 
1200.000 -63.733 100.000 
 
1250.000 -66.234 100.000 
 
-1250.000 -52.947 50.000 
 
-1200.000 -71.886 50.000 
 
-1150.000 -36.279 50.000 
 
-1100.000 0.000 50.000 
 
-1050.000 0.000 50.000 
 
-1000.000 3.929 50.000 
 
-950.000 3.492 50.000 
 
-900.000 6.037 50.000 
 
-850.000 6.758 50.000 
 
-800.000 5.479 50.000 
 
-750.000 0.779 50.000 
 
-700.000 0.000 50.000 
 
-650.000 0.000 50.000 
 
-600.000 0.000 50.000 
 
-550.000 0.000 50.000 
 
-500.000 0.000 50.000 
 
-450.000 0.000 50.000 
 
-400.000 0.000 50.000 
 
-350.000 0.000 50.000 
 
-300.000 0.000 50.000 
 
-250.000 0.000 50.000 
 
-200.000 0.000 50.000 
 
-150.000 0.000 50.000 
 
-100.000 0.000 50.000 
 
-50.000 0.000 50.000 
 
0.000 0.000 50.000 
 
50.000 0.000 50.000 
 
100.000 0.000 50.000 
 
150.000 0.000 50.000 
 
200.000 0.000 50.000 
 
250.000 0.000 50.000 
 
300.000 0.000 50.000 
 
350.000 0.000 50.000 
 
400.000 0.000 50.000 
 
450.000 0.000 50.000 
 
500.000 0.000 50.000 
 
550.000 0.000 50.000 
 
600.000 0.000 50.000 
 
650.000 0.000 50.000 
 
700.000 0.000 50.000 
 
750.000 0.000 50.000 
 
800.000 0.000 50.000 
 
850.000 0.000 50.000 
 
900.000 0.000 50.000 
 
950.000 0.000 50.000 
 
1000.000 0.000 50.000 
 
1050.000 0.000 50.000 
 
1100.000 0.000 50.000 
 
1150.000 -12.533 50.000 
 
1200.000 -60.169 50.000 
 
1250.000 -67.856 50.000 
 
-1250.000 -51.621 0.000 
 
-1200.000 -75.317 0.000 
 
-1150.000 -43.767 0.000 
 
-1100.000 -0.019 0.000 
 
-1050.000 14.090 0.000 
 
-1000.000 33.324 0.000 
 
-950.000 52.509 0.000 
 
-900.000 45.469 0.000 
 
-850.000 50.033 0.000 
 
-800.000 33.980 0.000 
 
-750.000 20.423 0.000 
 
-700.000 11.116 0.000 
 
-650.000 2.854 0.000 
 
-600.000 0.000 0.000 
 
-550.000 0.000 0.000 
 
-500.000 0.000 0.000 
 
-450.000 0.000 0.000 
 
-400.000 0.000 0.000 
 
-350.000 0.000 0.000 
 
-300.000 0.000 0.000 
 
-250.000 0.000 0.000 
 
-200.000 0.000 0.000 
 
-150.000 0.000 0.000 
 
-100.000 0.000 0.000 
 
-50.000 0.000 0.000 
 
0.000 0.000 0.000 
 
50.000 0.000 0.000 
 
100.000 0.000 0.000 
 
150.000 0.000 0.000 
 
200.000 0.000 0.000 
 
250.000 0.000 0.000 
 
300.000 0.000 0.000 
 
350.000 0.000 0.000 
 
400.000 0.000 0.000 
 
450.000 0.000 0.000 
 
500.000 0.000 0.000 
 
550.000 0.000 0.000 
 
600.000 0.000 0.000 
 
650.000 0.000 0.000 
 
700.000 0.000 0.000 
 
750.000 0.000 0.000 
 
800.000 0.000 0.000 
 
850.000 0.000 0.000 
 
900.000 0.000 0.000 
 
950.000 0.000 0.000 
 
1000.000 0.000 0.000 
 
1050.000 0.000 0.000 
 
1100.000 0.000 0.000 
 
1150.000 -8.275 0.000 
 
1200.000 -56.523 0.000 
 
1250.000 -67.186 0.000 
 
-1250.000 -44.147 -50.000 
 
-1200.000 -71.754 -50.000 
 
-1150.000 -45.082 -50.000 
 
-1100.000 -1.863 -50.000 
 
-1050.000 9.344 -50.000 
 
-1000.000 34.062 -50.000 
 
-950.000 48.429 -50.000 
 
-900.000 60.605 -50.000 
 
-850.000 56.241 -50.000 
 
-800.000 50.326 -50.000 
 
-750.000 47.160 -50.000 
 
-700.000 37.106 -50.000 
 
-650.000 18.599 -50.000 
 
-600.000 2.219 -50.000 
 
-550.000 0.000 -50.000 
 
-500.000 0.000 -50.000 
 
-450.000 0.000 -50.000 
 
-400.000 0.000 -50.000 
 
-350.000 0.000 -50.000 
 
-300.000 0.000 -50.000 
 
-250.000 0.000 -50.000 
 
-200.000 0.000 -50.000 
 
-150.000 0.000 -50.000 
 
-100.000 0.000 -50.000 
 
-50.000 0.000 -50.000 
 
0.000 0.000 -50.000 
 
50.000 0.000 -50.000 
 
100.000 0.000 -50.000 
 
150.000 0.000 -50.000 
 
200.000 0.000 -50.000 
 
250.000 0.000 -50.000 
 
300.000 0.000 -50.000 
 
350.000 0.000 -50.000 
 
400.000 0.000 -50.000 
 
450.000 0.000 -50.000 
 
500.000 0.000 -50.000 
 
550.000 0.000 -50.000 
 
600.000 0.000 -50.000 
 
650.000 0.000 -50.000 
 
700.000 0.000 -50.000 
 
750.000 0.000 -50.000 
 
800.000 0.000 -50.000 
 
850.000 0.000 -50.000 
 
900.000 0.000 -50.000 
 
950.000 0.000 -50.000 
 
1000.000 0.000 -50.000 
 
1050.000 0.000 -50.000 
 
1100.000 0.000 -50.000 
 
1150.000 -6.734 -50.000 
 
1200.000 -53.092 -50.000 
 
1250.000 -64.384 -50.000 
 
-1250.000 -38.556 -100.000 
 
-1200.000 -65.634 -100.000 
 
-1150.000 -41.765 -100.000 
 
-1100.000 -0.603 -100.000 
 
-1050.000 14.024 -100.000 
 
-1000.000 41.450 -100.000 
 
-950.000 34.824 -100.000 
 
-900.000 20.980 -100.000 
 
-850.000 22.490 -100.000 
 
-800.000 29.967 -100.000 
 
-750.000 38.823 -100.000 
 
-700.000 38.427 -100.000 
 
-650.000 21.125 -100.000 
 
-600.000 2.893 -100.000 
 
-550.000 0.000 -100.000 
 
-500.000 0.000 -100.000 
 
-450.000 0.000 -100.000 
 
-400.000 0.000 -100.000 
 
-350.000 0.000 -100.000 
 
-300.000 0.000 -100.000 
 
-250.000 0.000 -100.000 
 
-200.000 0.000 -100.000 
 
-150.000 0.000 -100.000 
 
-100.000 0.000 -100.000 
 
-50.000 0.000 -100.000 
 
0.000 0.000 -100.000 
 
50.000 0.000 -100.000 
 
100.000 0.000 -100.000 
 
150.000 0.000 -100.000 
 
200.000 0.000 -100.000 
 
250.000 0.000 -100.000 
 
300.000 0.000 -100.000 
 
350.000 0.000 -100.000 
 
400.000 0.000 -100.000 
 
450.000 0.000 -100.000 
 
500.000 0.000 -100.000 
 
550.000 0.000 -100.000 
 
600.000 0.000 -100.000 
 
650.000 0.000 -100.000 
 
700.000 0.000 -100.000 
 
750.000 0.000 -100.000 
 
800.000 0.000 -100.000 
 
850.000 0.000 -100.000 
 
900.000 0.000 -100.000 
 
950.000 0.000 -100.000 
 
1000.000 0.000 -100.000 
 
1050.000 0.000 -100.000 
 
1100.000 0.000 -100.000 
 
1150.000 -8.328 -100.000 
 
1200.000 -51.506 -100.000 
 
1250.000 -61.545 -100.000 
 
-1250.000 -40.965 -150.000 
 
-1200.000 -63.687 -150.000 
 
-1150.000 -38.110 -150.000 
 
-1100.000 0.000 -150.000 
 
-1050.000 32.272 -150.000 
 
-1000.000 43.977 -150.000 
 
-950.000 28.383 -150.000 
 
-900.000 -5.062 -150.000 
 
-850.000 -4.554 -150.000 
 
-800.000 1.698 -150.000 
 
-750.000 12.732 -150.000 
 
-700.000 17.494 -150.000 
 
-650.000 6.339 -150.000 
 
-600.000 0.000 -150.000 
 
-550.000 0.000 -150.000 
 
-500.000 0.000 -150.000 
 
-450.000 0.000 -150.000 
 
-400.000 0.000 -150.000 
 
-350.000 0.000 -150.000 
 
-300.000 0.000 -150.000 
 
-250.000 0.000 -150.000 
 
-200.000 0.000 -150.000 
 
-150.000 0.000 -150.000 
 
-100.000 0.000 -150.000 
 
-50.000 0.000 -150.000 
 
0.000 0.000 -150.000 
 
50.000 0.000 -150.000 
 
100.000 0.000 -150.000 
 
150.000 0.000 -150.000 
 
200.000 0.000 -150.000 
 
250.000 0.000 -150.000 
 
300.000 0.000 -150.000 
 
350.000 0.000 -150.000 
 
400.000 0.000 -150.000 
 
450.000 0.000 -150.000 
 
500.000 0.000 -150.000 
 
550.000 0.000 -150.000 
 
600.000 0.000 -150.000 
 
650.000 0.000 -150.000 
 
700.000 0.000 -150.000 
 
750.000 0.000 -150.000 
 
800.000 0.000 -150.000 
 
850.000 0.000 -150.000 
 
900.000 0.000 -150.000 
 
950.000 0.000 -150.000 
 
1000.000 0.000 -150.000 
 
1050.000 0.000 -150.000 
 
1100.000 0.000 -150.000 
 
1150.000 -10.602 -150.000 
 
1200.000 -53.361 -150.000 
 
1250.000 -60.816 -150.000 
 
-1250.000 -44.775 -200.000 
 
-1200.000 -66.416 -200.000 
 
-1150.000 -36.760 -200.000 
 
-1100.000 0.000 -200.000 
 
-1050.000 29.647 -200.000 
 
-1000.000 50.589 -200.000 
 
-950.000 30.747 -200.000 
 
-900.000 0.015 -200.000 
 
-850.000 0.000 -200.000 
 
-800.000 0.000 -200.000 
 
-750.000 0.029 -200.000 
 
-700.000 3.761 -200.000 
 
-650.000 3.041 -200.000 
 
-600.000 0.000 -200.000 
 
-550.000 0.000 -200.000 
 
-500.000 0.000 -200.000 
 
-450.000 0.000 -200.000 
 
-400.000 0.000 -200.000 
 
-350.000 0.000 -200.000 
 
-300.000 0.000 -200.000 
 
-250.000 0.000 -200.000 
 
-200.000 0.000 -200.000 
 
-150.000 0.000 -200.000 
 
-100.000 0.000 -200.000 
 
-50.000 0.000 -200.000 
 
0.000 0.000 -200.000 
 
50.000 0.000 -200.000 
 
100.000 0.000 -200.000 
 
150.000 0.000 -200.000 
 
200.000 0.000 -200.000 
 
250.000 0.000 -200.000 
 
300.000 0.000 -200.000 
 
350.000 0.000 -200.000 
 
400.000 0.000 -200.000 
 
450.000 0.000 -200.000 
 
500.000 0.000 -200.000 
 
550.000 0.000 -200.000 
 
600.000 0.000 -200.000 
 
650.000 0.000 -200.000 
 
700.000 0.000 -200.000 
 
750.000 0.000 -200.000 
 
800.000 0.000 -200.000 
 
850.000 0.000 -200.000 
 
900.000 0.000 -200.000 
 
950.000 0.000 -200.000 
 
1000.000 0.000 -200.000 
 
1050.000 0.000 -200.000 
 
1100.000 0.000 -200.000 
 
1150.000 -12.498 -200.000 
 
1200.000 -56.231 -200.000 
 
1250.000 -62.889 -200.000 
 
-1250.000 -47.479 -250.000 
 
-1200.000 -69.806 -250.000 
 
-1150.000 -39.301 -250.000 
 
-1100.000 0.000 -250.000 
 
-1050.000 3.697 -250.000 
 
-1000.000 10.615 -250.000 
 
-950.000 4.004 -250.000 
 
-900.000 0.000 -250.000 
 
-850.000 0.000 -250.000 
 
-800.000 0.000 -250.000 
 
-750.000 5.168 -250.000 
 
-700.000 11.751 -250.000 
 
-650.000 10.826 -250.000 
 
-600.000 2.945 -250.000 
 
-550.000 0.000 -250.000 
 
-500.000 0.000 -250.000 
 
-450.000 0.000 -250.000 
 
-400.000 0.000 -250.000 
 
-350.000 0.000 -250.000 
 
-300.000 0.000 -250.000 
 
-250.000 0.000 -250.000 
 
-200.000 0.000 -250.000 
 
-150.000 0.000 -250.000 
 
-100.000 0.000 -250.000 
 
-50.000 0.000 -250.000 
 
0.000 0.000 -250.000 
 
50.000 0.000 -250.000 
 
100.000 0.000 -250.000 
 
150.000 0.000 -250.000 
 
200.000 0.000 -250.000 
 
250.000 0.000 -250.000 
 
300.000 0.000 -250.000 
 
350.000 0.000 -250.000 
 
400.000 0.000 -250.000 
 
450.000 0.000 -250.000 
 
500.000 0.000 -250.000 
 
550.000 0.000 -250.000 
 
600.000 0.000 -250.000 
 
650.000 0.000 -250.000 
 
700.000 0.000 -250.000 
 
750.000 0.000 -250.000 
 
800.000 0.000 -250.000 
 
850.000 0.000 -250.000 
 
900.000 0.000 -250.000 
 
950.000 0.000 -250.000 
 
1000.000 0.000 -250.000 
 
1050.000 0.000 -250.000 
 
1100.000 0.000 -250.000 
 
1150.000 -12.392 -250.000 
 
1200.000 -57.232 -250.000 
 
1250.000 -63.428 -250.000 
 
-1250.000 -47.019 -300.000 
 
-1200.000 -71.008 -300.000 
 
-1150.000 -41.819 -300.000 
 
-1100.000 0.000 -300.000 
 
-1050.000 0.000 -300.000 
 
-1000.000 0.000 -300.000 
 
-950.000 0.000 -300.000 
 
-900.000 0.000 -300.000 
 
-850.000 0.000 -300.000 
 
-800.000 0.000 -300.000 
 
-750.000 5.885 -300.000 
 
-700.000 12.617 -300.000 
 
-650.000 11.669 -300.000 
 
-600.000 3.599 -300.000 
 
-550.000 0.000 -300.000 
 
-500.000 0.000 -300.000 
 
-450.000 0.000 -300.000 
 
-400.000 0.000 -300.000 
 
-350.000 0.000 -300.000 
 
-300.000 0.000 -300.000 
 
-250.000 0.000 -300.000 
 
-200.000 0.000 -300.000 
 
-150.000 0.000 -300.000 
 
-100.000 0.000 -300.000 
 
-50.000 0.000 -300.000 
 
0.000 0.000 -300.000 
 
50.000 0.000 -300.000 
 
100.000 0.000 -300.000 
 
150.000 0.000 -300.000 
 
200.000 0.000 -300.000 
 
250.000 0.000 -300.000 
 
300.000 0.000 -300.000 
 
350.000 0.000 -300.000 
 
400.000 0.000 -300.000 
 
450.000 0.000 -300.000 
 
500.000 0.000 -300.000 
 
550.000 0.000 -300.000 
 
600.000 0.000 -300.000 
 
650.000 0.000 -300.000 
 
700.000 0.000 -300.000 
 
750.000 0.000 -300.000 
 
800.000 0.000 -300.000 
 
850.000 0.000 -300.000 
 
900.000 0.000 -300.000 
 
950.000 0.000 -300.000 
 
1000.000 0.000 -300.000 
 
1050.000 0.000 -300.000 
 
1100.000 0.000 -300.000 
 
1150.000 -11.092 -300.000 
 
1200.000 -56.229 -300.000 
 
1250.000 -61.936 -300.000 
 
-1250.000 -43.252 -350.000 
 
-1200.000 -67.995 -350.000 
 
-1150.000 -40.665 -350.000 
 
-1100.000 -0.160 -350.000 
 
-1050.000 0.000 -350.000 
 
-1000.000 0.000 -350.000 
 
-950.000 0.000 -350.000 
 
-900.000 0.000 -350.000 
 
-850.000 0.000 -350.000 
 
-800.000 0.000 -350.000 
 
-750.000 0.733 -350.000 
 
-700.000 12.101 -350.000 
 
-650.000 22.282 -350.000 
 
-600.000 20.217 -350.000 
 
-550.000 16.893 -350.000 
 
-500.000 16.889 -350.000 
 
-450.000 17.650 -350.000 
 
-400.000 20.267 -350.000 
 
-350.000 8.689 -350.000 
 
-300.000 0.000 -350.000 
 
-250.000 0.000 -350.000 
 
-200.000 0.000 -350.000 
 
-150.000 0.000 -350.000 
 
-100.000 0.000 -350.000 
 
-50.000 0.000 -350.000 
 
0.000 0.000 -350.000 
 
50.000 0.000 -350.000 
 
100.000 0.000 -350.000 
 
150.000 0.000 -350.000 
 
200.000 0.000 -350.000 
 
250.000 0.000 -350.000 
 
300.000 0.000 -350.000 
 
350.000 0.000 -350.000 
 
400.000 0.000 -350.000 
 
450.000 0.000 -350.000 
 
500.000 0.000 -350.000 
 
550.000 0.000 -350.000 
 
600.000 0.000 -350.000 
 
650.000 0.000 -350.000 
 
700.000 0.000 -350.000 
 
750.000 0.000 -350.000 
 
800.000 0.000 -350.000 
 
850.000 0.000 -350.000 
 
900.000 0.000 -350.000 
 
950.000 0.000 -350.000 
 
1000.000 0.000 -350.000 
 
1050.000 0.000 -350.000 
 
1100.000 0.000 -350.000 
 
1150.000 -12.990 -350.000 
 
1200.000 -57.153 -350.000 
 
1250.000 -65.060 -350.000 
 
-1250.000 -43.215 -400.000 
 
-1200.000 -66.760 -400.000 
 
-1150.000 -38.332 -400.000 
 
-1100.000 0.000 -400.000 
 
-1050.000 0.000 -400.000 
 
-1000.000 0.000 -400.000 
 
-950.000 0.000 -400.000 
 
-900.000 0.000 -400.000 
 
-850.000 0.000 -400.000 
 
-800.000 0.000 -400.000 
 
-750.000 1.228 -400.000 
 
-700.000 19.942 -400.000 
 
-650.000 44.468 -400.000 
 
-600.000 59.573 -400.000 
 
-550.000 57.523 -400.000 
 
-500.000 57.309 -400.000 
 
-450.000 65.139 -400.000 
 
-400.000 57.390 -400.000 
 
-350.000 31.913 -400.000 
 
-300.000 4.355 -400.000 
 
-250.000 0.000 -400.000 
 
-200.000 0.000 -400.000 
 
-150.000 0.000 -400.000 
 
-100.000 0.000 -400.000 
 
-50.000 0.000 -400.000 
 
0.000 0.000 -400.000 
 
50.000 0.000 -400.000 
 
100.000 14.460 -400.000 
 
150.000 28.328 -400.000 
 
200.000 21.479 -400.000 
 
250.000 6.871 -400.000 
 
300.000 0.000 -400.000 
 
350.000 0.000 -400.000 
 
400.000 0.000 -400.000 
 
450.000 0.000 -400.000 
 
500.000 0.000 -400.000 
 
550.000 0.000 -400.000 
 
600.000 0.000 -400.000 
 
650.000 0.000 -400.000 
 
700.000 0.000 -400.000 
 
750.000 0.000 -400.000 
 
800.000 0.000 -400.000 
 
850.000 0.000 -400.000 
 
900.000 0.000 -400.000 
 
950.000 0.000 -400.000 
 
1000.000 0.000 -400.000 
 
1050.000 0.000 -400.000 
 
1100.000 0.000 -400.000 
 
1150.000 -11.799 -400.000 
 
1200.000 -59.214 -400.000 
 
1250.000 -71.400 -400.000 
 
-1250.000 -45.241 -450.000 
 
-1200.000 -68.640 -450.000 
 
-1150.000 -40.302 -450.000 
 
-1100.000 0.000 -450.000 
 
-1050.000 0.000 -450.000 
 
-1000.000 0.000 -450.000 
 
-950.000 0.000 -450.000 
 
-900.000 0.000 -450.000 
 
-850.000 0.000 -450.000 
 
-800.000 0.000 -450.000 
 
-750.000 0.612 -450.000 
 
-700.000 18.367 -450.000 
 
-650.000 42.604 -450.000 
 
-600.000 63.900 -450.000 
 
-550.000 68.742 -450.000 
 
-500.000 61.496 -450.000 
 
-450.000 64.682 -450.000 
 
-400.000 57.029 -450.000 
 
-350.000 31.677 -450.000 
 
-300.000 4.250 -450.000 
 
-250.000 0.000 -450.000 
 
-200.000 0.000 -450.000 
 
-150.000 0.000 -450.000 
 
-100.000 0.000 -450.000 
 
-50.000 0.000 -450.000 
 
0.000 0.000 -450.000 
 
50.000 14.104 -450.000 
 
100.000 51.814 -450.000 
 
150.000 67.394 -450.000 
 
200.000 44.496 -450.000 
 
250.000 16.406 -450.000 
 
300.000 1.247 -450.000 
 
350.000 0.000 -450.000 
 
400.000 0.000 -450.000 
 
450.000 0.000 -450.000 
 
500.000 0.000 -450.000 
 
550.000 0.000 -450.000 
 
600.000 0.000 -450.000 
 
650.000 0.000 -450.000 
 
700.000 0.000 -450.000 
 
750.000 0.000 -450.000 
 
800.000 0.000 -450.000 
 
850.000 0.000 -450.000 
 
900.000 0.000 -450.000 
 
950.000 0.000 -450.000 
 
1000.000 0.000 -450.000 
 
1050.000 0.000 -450.000 
 
1100.000 0.000 -450.000 
 
1150.000 -4.172 -450.000 
 
1200.000 -55.710 -450.000 
 
1250.000 -72.670 -450.000 
 
-1250.000 -45.637 -500.000 
 
-1200.000 -68.826 -500.000 
 
-1150.000 -40.767 -500.000 
 
-1100.000 -0.192 -500.000 
 
-1050.000 0.000 -500.000 
 
-1000.000 0.000 -500.000 
 
-950.000 0.000 -500.000 
 
-900.000 0.000 -500.000 
 
-850.000 0.460 -500.000 
 
-800.000 11.508 -500.000 
 
-750.000 29.320 -500.000 
 
-700.000 42.316 -500.000 
 
-650.000 48.549 -500.000 
 
-600.000 62.472 -500.000 
 
-550.000 55.485 -500.000 
 
-500.000 35.942 -500.000 
 
-450.000 16.686 -500.000 
 
-400.000 19.528 -500.000 
 
-350.000 8.255 -500.000 
 
-300.000 0.000 -500.000 
 
-250.000 0.000 -500.000 
 
-200.000 0.000 -500.000 
 
-150.000 0.000 -500.000 
 
-100.000 0.000 -500.000 
 
-50.000 0.000 -500.000 
 
0.000 0.000 -500.000 
 
50.000 29.566 -500.000 
 
100.000 72.188 -500.000 
 
150.000 79.327 -500.000 
 
200.000 39.822 -500.000 
 
250.000 11.180 -500.000 
 
300.000 0.295 -500.000 
 
350.000 0.000 -500.000 
 
400.000 0.000 -500.000 
 
450.000 0.000 -500.000 
 
500.000 0.000 -500.000 
 
550.000 0.000 -500.000 
 
600.000 0.000 -500.000 
 
650.000 0.000 -500.000 
 
700.000 0.000 -500.000 
 
750.000 0.000 -500.000 
 
800.000 0.000 -500.000 
 
850.000 0.000 -500.000 
 
900.000 0.000 -500.000 
 
950.000 0.000 -500.000 
 
1000.000 0.000 -500.000 
 
1050.000 0.000 -500.000 
 
1100.000 0.000 -500.000 
 
1150.000 -2.295 -500.000 
 
1200.000 -54.327 -500.000 
 
1250.000 -71.418 -500.000 
 
-1250.000 -42.954 -550.000 
 
-1200.000 -65.358 -550.000 
 
-1150.000 -37.597 -550.000 
 
-1100.000 0.000 -550.000 
 
-1050.000 0.000 -550.000 
 
-1000.000 0.000 -550.000 
 
-950.000 0.000 -550.000 
 
-900.000 0.000 -550.000 
 
-850.000 2.174 -550.000 
 
-800.000 19.076 -550.000 
 
-750.000 43.433 -550.000 
 
-700.000 60.426 -550.000 
 
-650.000 56.208 -550.000 
 
-600.000 59.297 -550.000 
 
-550.000 45.930 -550.000 
 
-500.000 22.445 -550.000 
 
-450.000 0.000 -550.000 
 
-400.000 0.000 -550.000 
 
-350.000 0.000 -550.000 
 
-300.000 0.000 -550.000 
 
-250.000 0.000 -550.000 
 
-200.000 0.000 -550.000 
 
-150.000 0.000 -550.000 
 
-100.000 0.000 -550.000 
 
-50.000 0.000 -550.000 
 
0.000 0.000 -550.000 
 
50.000 33.911 -550.000 
 
100.000 68.639 -550.000 
 
150.000 55.828 -550.000 
 
200.000 5.441 -550.000 
 
250.000 0.102 -550.000 
 
300.000 0.000 -550.000 
 
350.000 0.000 -550.000 
 
400.000 0.000 -550.000 
 
450.000 0.000 -550.000 
 
500.000 0.000 -550.000 
 
550.000 0.000 -550.000 
 
600.000 0.000 -550.000 
 
650.000 0.000 -550.000 
 
700.000 0.000 -550.000 
 
750.000 2.776 -550.000 
 
800.000 3.564 -550.000 
 
850.000 3.380 -550.000 
 
900.000 0.510 -550.000 
 
950.000 0.000 -550.000 
 
1000.000 0.000 -550.000 
 
1050.000 0.000 -550.000 
 
1100.000 0.000 -550.000 
 
1150.000 -11.543 -550.000 
 
1200.000 -57.792 -550.000 
 
1250.000 -68.203 -550.000 
 
-1250.000 -43.636 -600.000 
 
-1200.000 -62.271 -600.000 
 
-1150.000 -33.681 -600.000 
 
-1100.000 0.000 -600.000 
 
-1050.000 0.000 -600.000 
 
-1000.000 0.000 -600.000 
 
-950.000 0.000 -600.000 
 
-900.000 0.000 -600.000 
 
-850.000 0.239 -600.000 
 
-800.000 10.020 -600.000 
 
-750.000 26.414 -600.000 
 
-700.000 36.757 -600.000 
 
-650.000 32.236 -600.000 
 
-600.000 29.487 -600.000 
 
-550.000 21.435 -600.000 
 
-500.000 6.205 -600.000 
 
-450.000 0.000 -600.000 
 
-400.000 0.000 -600.000 
 
-350.000 0.000 -600.000 
 
-300.000 0.000 -600.000 
 
-250.000 0.000 -600.000 
 
-200.000 0.000 -600.000 
 
-150.000 0.000 -600.000 
 
-100.000 0.941 -600.000 
 
-50.000 9.164 -600.000 
 
0.000 12.736 -600.000 
 
50.000 47.183 -600.000 
 
100.000 70.200 -600.000 
 
150.000 45.353 -600.000 
 
200.000 2.193 -600.000 
 
250.000 0.000 -600.000 
 
300.000 0.000 -600.000 
 
350.000 0.000 -600.000 
 
400.000 0.000 -600.000 
 
450.000 0.000 -600.000 
 
500.000 0.000 -600.000 
 
550.000 0.000 -600.000 
 
600.000 0.000 -600.000 
 
650.000 0.657 -600.000 
 
700.000 24.655 -600.000 
 
750.000 43.837 -600.000 
 
800.000 46.757 -600.000 
 
850.000 34.260 -600.000 
 
900.000 15.010 -600.000 
 
950.000 1.390 -600.000 
 
1000.000 0.000 -600.000 
 
1050.000 0.000 -600.000 
 
1100.000 0.000 -600.000 
 
1150.000 -17.278 -600.000 
 
1200.000 -60.095 -600.000 
 
1250.000 -63.053 -600.000 
 
-1250.000 -47.112 -650.000 
 
-1200.000 -62.051 -650.000 
 
-1150.000 -30.505 -650.000 
 
-1100.000 0.000 -650.000 
 
-1050.000 0.000 -650.000 
 
-1000.000 0.000 -650.000 
 
-950.000 0.000 -650.000 
 
-900.000 0.000 -650.000 
 
-850.000 0.000 -650.000 
 
-800.000 0.000 -650.000 
 
-750.000 0.000 -650.000 
 
-700.000 0.000 -650.000 
 
-650.000 0.000 -650.000 
 
-600.000 0.000 -650.000 
 
-550.000 0.000 -650.000 
 
-500.000 0.000 -650.000 
 
-450.000 0.000 -650.000 
 
-400.000 0.000 -650.000 
 
-350.000 0.000 -650.000 
 
-300.000 0.000 -650.000 
 
-250.000 0.000 -650.000 
 
-200.000 0.000 -650.000 
 
-150.000 0.080 -650.000 
 
-100.000 22.525 -650.000 
 
-50.000 48.344 -650.000 
 
0.000 57.393 -650.000 
 
50.000 75.911 -650.000 
 
100.000 76.813 -650.000 
 
150.000 42.997 -650.000 
 
200.000 2.024 -650.000 
 
250.000 0.000 -650.000 
 
300.000 0.000 -650.000 
 
350.000 0.000 -650.000 
 
400.000 0.000 -650.000 
 
450.000 2.647 -650.000 
 
500.000 4.054 -650.000 
 
550.000 0.000 -650.000 
 
600.000 0.000 -650.000 
 
650.000 19.068 -650.000 
 
700.000 62.308 -650.000 
 
750.000 79.730 -650.000 
 
800.000 69.033 -650.000 
 
850.000 47.987 -650.000 
 
900.000 26.134 -650.000 
 
950.000 4.033 -650.000 
 
1000.000 0.000 -650.000 
 
1050.000 0.000 -650.000 
 
1100.000 0.000 -650.000 
 
1150.000 -20.066 -650.000 
 
1200.000 -61.111 -650.000 
 
1250.000 -59.193 -650.000 
 
-1250.000 -50.315 -700.000 
 
-1200.000 -61.665 -700.000 
 
-1150.000 -27.126 -700.000 
 
-1100.000 0.000 -700.000 
 
-1050.000 0.000 -700.000 
 
-1000.000 0.000 -700.000 
 
-950.000 0.000 -700.000 
 
-900.000 0.000 -700.000 
 
-850.000 0.000 -700.000 
 
-800.000 0.000 -700.000 
 
-750.000 0.000 -700.000 
 
-700.000 -1.033 -700.000 
 
-650.000 -9.088 -700.000 
 
-600.000 -15.846 -700.000 
 
-550.000 -16.103 -700.000 
 
-500.000 -13.578 -700.000 
 
-450.000 -4.800 -700.000 
 
-400.000 0.000 -700.000 
 
-350.000 0.000 -700.000 
 
-300.000 0.000 -700.000 
 
-250.000 0.000 -700.000 
 
-200.000 0.000 -700.000 
 
-150.000 3.616 -700.000 
 
-100.000 33.628 -700.000 
 
-50.000 61.378 -700.000 
 
0.000 69.993 -700.000 
 
50.000 64.012 -700.000 
 
100.000 54.732 -700.000 
 
150.000 25.238 -700.000 
 
200.000 0.051 -700.000 
 
250.000 0.000 -700.000 
 
300.000 0.000 -700.000 
 
350.000 0.000 -700.000 
 
400.000 2.429 -700.000 
 
450.000 20.883 -700.000 
 
500.000 35.803 -700.000 
 
550.000 25.543 -700.000 
 
600.000 1.382 -700.000 
 
650.000 44.873 -700.000 
 
700.000 82.544 -700.000 
 
750.000 77.672 -700.000 
 
800.000 44.259 -700.000 
 
850.000 42.183 -700.000 
 
900.000 33.632 -700.000 
 
950.000 11.909 -700.000 
 
1000.000 0.000 -700.000 
 
1050.000 0.000 -700.000 
 
1100.000 0.000 -700.000 
 
1150.000 -20.426 -700.000 
 
1200.000 -63.720 -700.000 
 
1250.000 -62.875 -700.000 
 
-1250.000 -53.323 -750.000 
 
-1200.000 -61.343 -750.000 
 
-1150.000 -23.511 -750.000 
 
-1100.000 0.000 -750.000 
 
-1050.000 0.000 -750.000 
 
-1000.000 0.546 -750.000 
 
-950.000 0.972 -750.000 
 
-900.000 0.000 -750.000 
 
-850.000 0.000 -750.000 
 
-800.000 0.000 -750.000 
 
-750.000 -0.011 -750.000 
 
-700.000 -9.704 -750.000 
 
-650.000 -31.067 -750.000 
 
-600.000 -50.791 -750.000 
 
-550.000 -56.080 -750.000 
 
-500.000 -42.605 -750.000 
 
-450.000 -20.351 -750.000 
 
-400.000 -3.098 -750.000 
 
-350.000 0.000 -750.000 
 
-300.000 0.000 -750.000 
 
-250.000 0.000 -750.000 
 
-200.000 0.000 -750.000 
 
-150.000 1.201 -750.000 
 
-100.000 19.132 -750.000 
 
-50.000 34.121 -750.000 
 
0.000 31.596 -750.000 
 
50.000 20.362 -750.000 
 
100.000 14.947 -750.000 
 
150.000 2.957 -750.000 
 
200.000 0.000 -750.000 
 
250.000 0.000 -750.000 
 
300.000 0.000 -750.000 
 
350.000 0.000 -750.000 
 
400.000 4.726 -750.000 
 
450.000 35.318 -750.000 
 
500.000 67.572 -750.000 
 
550.000 73.460 -750.000 
 
600.000 60.102 -750.000 
 
650.000 79.256 -750.000 
 
700.000 78.393 -750.000 
 
750.000 29.855 -750.000 
 
800.000 -15.179 -750.000 
 
850.000 19.494 -750.000 
 
900.000 33.625 -750.000 
 
950.000 19.929 -750.000 
 
1000.000 0.000 -750.000 
 
1050.000 0.000 -750.000 
 
1100.000 0.000 -750.000 
 
1150.000 -17.093 -750.000 
 
1200.000 -62.573 -750.000 
 
1250.000 -63.517 -750.000 
 
-1250.000 -57.043 -800.000 
 
-1200.000 -63.856 -800.000 
 
-1150.000 -23.395 -800.000 
 
-1100.000 0.000 -800.000 
 
-1050.000 3.773 -800.000 
 
-1000.000 25.656 -800.000 
 
-950.000 40.176 -800.000 
 
-900.000 34.960 -800.000 
 
-850.000 30.882 -800.000 
 
-800.000 27.478 -800.000 
 
-750.000 14.305 -800.000 
 
-700.000 -7.739 -800.000 
 
-650.000 -31.359 -800.000 
 
-600.000 -51.213 -800.000 
 
-550.000 -56.543 -800.000 
 
-500.000 -42.935 -800.000 
 
-450.000 -20.542 -800.000 
 
-400.000 -3.159 -800.000 
 
-350.000 0.000 -800.000 
 
-300.000 0.000 -800.000 
 
-250.000 0.000 -800.000 
 
-200.000 0.000 -800.000 
 
-150.000 0.000 -800.000 
 
-100.000 2.671 -800.000 
 
-50.000 4.804 -800.000 
 
0.000 0.778 -800.000 
 
50.000 0.000 -800.000 
 
100.000 0.000 -800.000 
 
150.000 0.000 -800.000 
 
200.000 0.000 -800.000 
 
250.000 0.000 -800.000 
 
300.000 0.000 -800.000 
 
350.000 0.000 -800.000 
 
400.000 0.000 -800.000 
 
450.000 23.790 -800.000 
 
500.000 60.444 -800.000 
 
550.000 74.413 -800.000 
 
600.000 73.093 -800.000 
 
650.000 72.857 -800.000 
 
700.000 42.630 -800.000 
 
750.000 -18.641 -800.000 
 
800.000 -41.084 -800.000 
 
850.000 -4.466 -800.000 
 
900.000 19.898 -800.000 
 
950.000 11.331 -800.000 
 
1000.000 0.000 -800.000 
 
1050.000 0.000 -800.000 
 
1100.000 0.000 -800.000 
 
1150.000 -13.697 -800.000 
 
1200.000 -58.029 -800.000 
 
1250.000 -60.259 -800.000 
 
-1250.000 -58.295 -850.000 
 
-1200.000 -64.252 -850.000 
 
-1150.000 -23.925 -850.000 
 
-1100.000 0.000 -850.000 
 
-1050.000 12.752 -850.000 
 
-1000.000 45.127 -850.000 
 
-950.000 69.406 -850.000 
 
-900.000 71.254 -850.000 
 
-850.000 62.661 -850.000 
 
-800.000 52.242 -850.000 
 
-750.000 29.492 -850.000 
 
-700.000 6.605 -850.000 
 
-650.000 -9.637 -850.000 
 
-600.000 -16.710 -850.000 
 
-550.000 -16.944 -850.000 
 
-500.000 -14.213 -850.000 
 
-450.000 -5.099 -850.000 
 
-400.000 0.000 -850.000 
 
-350.000 0.000 -850.000 
 
-300.000 0.000 -850.000 
 
-250.000 0.000 -850.000 
 
-200.000 0.000 -850.000 
 
-150.000 0.000 -850.000 
 
-100.000 0.000 -850.000 
 
-50.000 0.000 -850.000 
 
0.000 0.000 -850.000 
 
50.000 0.000 -850.000 
 
100.000 0.000 -850.000 
 
150.000 0.000 -850.000 
 
200.000 0.000 -850.000 
 
250.000 0.000 -850.000 
 
300.000 0.000 -850.000 
 
350.000 0.000 -850.000 
 
400.000 0.000 -850.000 
 
450.000 0.000 -850.000 
 
500.000 16.091 -850.000 
 
550.000 31.492 -850.000 
 
600.000 35.865 -850.000 
 
650.000 32.357 -850.000 
 
700.000 -0.979 -850.000 
 
750.000 -40.542 -850.000 
 
800.000 -38.349 -850.000 
 
850.000 -15.159 -850.000 
 
900.000 11.926 -850.000 
 
950.000 13.857 -850.000 
 
1000.000 3.702 -850.000 
 
1050.000 2.090 -850.000 
 
1100.000 -0.211 -850.000 
 
1150.000 -16.106 -850.000 
 
1200.000 -56.839 -850.000 
 
1250.000 -57.430 -850.000 
 
-1250.000 -56.954 -900.000 
 
-1200.000 -61.819 -900.000 
 
-1150.000 -22.199 -900.000 
 
-1100.000 3.018 -900.000 
 
-1050.000 19.067 -900.000 
 
-1000.000 45.943 -900.000 
 
-950.000 65.615 -900.000 
 
-900.000 67.342 -900.000 
 
-850.000 62.729 -900.000 
 
-800.000 46.396 -900.000 
 
-750.000 22.065 -900.000 
 
-700.000 4.831 -900.000 
 
-650.000 0.000 -900.000 
 
-600.000 0.000 -900.000 
 
-550.000 0.000 -900.000 
 
-500.000 0.000 -900.000 
 
-450.000 0.000 -900.000 
 
-400.000 0.000 -900.000 
 
-350.000 0.000 -900.000 
 
-300.000 0.000 -900.000 
 
-250.000 0.000 -900.000 
 
-200.000 0.000 -900.000 
 
-150.000 0.000 -900.000 
 
-100.000 0.000 -900.000 
 
-50.000 0.000 -900.000 
 
0.000 0.000 -900.000 
 
50.000 0.000 -900.000 
 
100.000 0.000 -900.000 
 
150.000 0.000 -900.000 
 
200.000 0.000 -900.000 
 
250.000 0.000 -900.000 
 
300.000 0.000 -900.000 
 
350.000 0.000 -900.000 
 
400.000 0.000 -900.000 
 
450.000 0.000 -900.000 
 
500.000 0.000 -900.000 
 
550.000 0.000 -900.000 
 
600.000 -1.128 -900.000 
 
650.000 -7.115 -900.000 
 
700.000 -28.397 -900.000 
 
750.000 -35.013 -900.000 
 
800.000 -17.697 -900.000 
 
850.000 7.822 -900.000 
 
900.000 32.373 -900.000 
 
950.000 40.468 -900.000 
 
1000.000 36.275 -900.000 
 
1050.000 15.153 -900.000 
 
1100.000 -1.922 -900.000 
 
1150.000 -22.271 -900.000 
 
1200.000 -58.666 -900.000 
 
1250.000 -56.559 -900.000 
 
-1250.000 -55.987 -950.000 
 
-1200.000 -58.251 -950.000 
 
-1150.000 -14.176 -950.000 
 
-1100.000 38.849 -950.000 
 
-1050.000 64.233 -950.000 
 
-1000.000 66.523 -950.000 
 
-950.000 60.132 -950.000 
 
-900.000 62.572 -950.000 
 
-850.000 49.259 -950.000 
 
-800.000 25.485 -950.000 
 
-750.000 3.820 -950.000 
 
-700.000 0.000 -950.000 
 
-650.000 0.000 -950.000 
 
-600.000 0.000 -950.000 
 
-550.000 0.000 -950.000 
 
-500.000 0.000 -950.000 
 
-450.000 0.000 -950.000 
 
-400.000 0.000 -950.000 
 
-350.000 0.000 -950.000 
 
-300.000 0.000 -950.000 
 
-250.000 0.000 -950.000 
 
-200.000 0.000 -950.000 
 
-150.000 0.000 -950.000 
 
-100.000 0.000 -950.000 
 
-50.000 0.000 -950.000 
 
0.000 0.000 -950.000 
 
50.000 0.000 -950.000 
 
100.000 0.000 -950.000 
 
150.000 0.000 -950.000 
 
200.000 0.000 -950.000 
 
250.000 0.000 -950.000 
 
300.000 0.000 -950.000 
 
350.000 0.000 -950.000 
 
400.000 0.000 -950.000 
 
450.000 0.000 -950.000 
 
500.000 0.000 -950.000 
 
550.000 -5.455 -950.000 
 
600.000 -16.577 -950.000 
 
650.000 -33.912 -950.000 
 
700.000 -52.492 -950.000 
 
750.000 -47.441 -950.000 
 
800.000 -17.118 -950.000 
 
850.000 10.663 -950.000 
 
900.000 45.332 -950.000 
 
950.000 71.778 -950.000 
 
1000.000 75.257 -950.000 
 
1050.000 28.821 -950.000 
 
1100.000 -10.866 -950.000 
 
1150.000 -41.242 -950.000 
 
1200.000 -62.830 -950.000 
 
1250.000 -61.670 -950.000 
 
-1250.000 -61.599 -1000.000 
 
-1200.000 -59.549 -1000.000 
 
-1150.000 -4.741 -1000.000 
 
-1100.000 47.280 -1000.000 
 
-1050.000 73.824 -1000.000 
 
-1000.000 73.993 -1000.000 
 
-950.000 54.494 -1000.000 
 
-900.000 49.461 -1000.000 
 
-850.000 34.390 -1000.000 
 
-800.000 11.685 -1000.000 
 
-750.000 -2.740 -1000.000 
 
-700.000 -7.949 -1000.000 
 
-650.000 -10.677 -1000.000 
 
-600.000 -7.111 -1000.000 
 
-550.000 -3.641 -1000.000 
 
-500.000 -9.292 -1000.000 
 
-450.000 -9.942 -1000.000 
 
-400.000 -3.772 -1000.000 
 
-350.000 -3.301 -1000.000 
 
-300.000 -9.493 -1000.000 
 
-250.000 -5.183 -1000.000 
 
-200.000 -2.034 -1000.000 
 
-150.000 -1.824 -1000.000 
 
-100.000 -2.965 -1000.000 
 
-50.000 -9.661 -1000.000 
 
0.000 -13.783 -1000.000 
 
50.000 -8.053 -1000.000 
 
100.000 0.000 -1000.000 
 
150.000 0.000 -1000.000 
 
200.000 0.000 -1000.000 
 
250.000 0.000 -1000.000 
 
300.000 0.000 -1000.000 
 
350.000 0.000 -1000.000 
 
400.000 0.000 -1000.000 
 
450.000 0.000 -1000.000 
 
500.000 0.000 -1000.000 
 
550.000 -9.483 -1000.000 
 
600.000 -21.788 -1000.000 
 
650.000 -35.120 -1000.000 
 
700.000 -47.203 -1000.000 
 
750.000 -38.134 -1000.000 
 
800.000 -10.958 -1000.000 
 
850.000 0.416 -1000.000 
 
900.000 28.774 -1000.000 
 
950.000 55.646 -1000.000 
 
1000.000 66.690 -1000.000 
 
1050.000 21.446 -1000.000 
 
1100.000 -19.063 -1000.000 
 
1150.000 -44.315 -1000.000 
 
1200.000 -67.690 -1000.000 
 
1250.000 -65.460 -1000.000 
 
-1250.000 -54.556 -1050.000 
 
-1200.000 -51.148 -1050.000 
 
-1150.000 -13.575 -1050.000 
 
-1100.000 22.295 -1050.000 
 
-1050.000 35.608 -1050.000 
 
-1000.000 20.761 -1050.000 
 
-950.000 -6.338 -1050.000 
 
-900.000 -26.890 -1050.000 
 
-850.000 -37.995 -1050.000 
 
-800.000 -35.534 -1050.000 
 
-750.000 -30.344 -1050.000 
 
-700.000 -36.634 -1050.000 
 
-650.000 -47.157 -1050.000 
 
-600.000 -34.653 -1050.000 
 
-550.000 -26.080 -1050.000 
 
-500.000 -36.754 -1050.000 
 
-450.000 -41.832 -1050.000 
 
-400.000 -24.980 -1050.000 
 
-350.000 -24.256 -1050.000 
 
-300.000 -33.819 -1050.000 
 
-250.000 -33.321 -1050.000 
 
-200.000 -23.087 -1050.000 
 
-150.000 -17.028 -1050.000 
 
-100.000 -9.974 -1050.000 
 
-50.000 -31.841 -1050.000 
 
0.000 -43.302 -1050.000 
 
50.000 -25.583 -1050.000 
 
100.000 0.000 -1050.000 
 
150.000 0.000 -1050.000 
 
200.000 0.000 -1050.000 
 
250.000 0.000 -1050.000 
 
300.000 0.000 -1050.000 
 
350.000 0.000 -1050.000 
 
400.000 0.000 -1050.000 
 
450.000 0.000 -1050.000 
 
500.000 0.000 -1050.000 
 
550.000 -3.417 -1050.000 
 
600.000 -13.427 -1050.000 
 
650.000 -16.480 -1050.000 
 
700.000 -17.096 -1050.000 
 
750.000 -12.989 -1050.000 
 
800.000 -0.471 -1050.000 
 
850.000 0.000 -1050.000 
 
900.000 9.063 -1050.000 
 
950.000 21.204 -1050.000 
 
1000.000 28.147 -1050.000 
 
1050.000 -0.077 -1050.000 
 
1100.000 -28.057 -1050.000 
 
1150.000 -29.344 -1050.000 
 
1200.000 -61.418 -1050.000 
 
1250.000 -66.527 -1050.000 
 
-1250.000 -31.602 -1100.000 
 
-1200.000 -28.464 -1100.000 
 
-1150.000 -3.346 -1100.000 
 
-1100.000 -0.014 -1100.000 
 
-1050.000 5.317 -1100.000 
 
-1000.000 0.183 -1100.000 
 
-950.000 -40.205 -1100.000 
 
-900.000 -56.438 -1100.000 
 
-850.000 -54.930 -1100.000 
 
-800.000 -30.704 -1100.000 
 
-750.000 -12.841 -1100.000 
 
-700.000 -41.548 -1100.000 
 
-650.000 -66.211 -1100.000 
 
-600.000 -45.829 -1100.000 
 
-550.000 -11.378 -1100.000 
 
-500.000 -34.818 -1100.000 
 
-450.000 -41.366 -1100.000 
 
-400.000 -41.860 -1100.000 
 
-350.000 -41.987 -1100.000 
 
-300.000 -30.505 -1100.000 
 
-250.000 -29.277 -1100.000 
 
-200.000 -3.812 -1100.000 
 
-150.000 -27.953 -1100.000 
 
-100.000 -41.545 -1100.000 
 
-50.000 -60.885 -1100.000 
 
0.000 -95.939 -1100.000 
 
50.000 -49.293 -1100.000 
 
100.000 0.000 -1100.000 
 
150.000 0.000 -1100.000 
 
200.000 0.000 -1100.000 
 
250.000 0.000 -1100.000 
 
300.000 0.000 -1100.000 
 
350.000 0.000 -1100.000 
 
400.000 0.000 -1100.000 
 
450.000 0.000 -1100.000 
 
500.000 0.000 -1100.000 
 
550.000 0.000 -1100.000 
 
600.000 0.000 -1100.000 
 
650.000 0.000 -1100.000 
 
700.000 0.000 -1100.000 
 
750.000 0.000 -1100.000 
 
800.000 0.000 -1100.000 
 
850.000 0.000 -1100.000 
 
900.000 0.000 -1100.000 
 
950.000 0.000 -1100.000 
 
1000.000 -3.161 -1100.000 
 
1050.000 -14.991 -1100.000 
 
1100.000 -19.296 -1100.000 
 
1150.000 -20.310 -1100.000 
 
1200.000 -54.076 -1100.000 
 
1250.000 -61.427 -1100.000 
 
-1250.000 -11.129 -1150.000 
 
-1200.000 5.858 -1150.000 
 
-1150.000 -9.655 -1150.000 
 
-1100.000 -18.820 -1150.000 
 
-1050.000 12.446 -1150.000 
 
-1000.000 -10.662 -1150.000 
 
-950.000 -78.586 -1150.000 
 
-900.000 -112.626 -1150.000 
 
-850.000 -127.470 -1150.000 
 
-800.000 -108.702 -1150.000 
 
-750.000 -96.097 -1150.000 
 
-700.000 -120.146 -1150.000 
 
-650.000 -163.852 -1150.000 
 
-600.000 -122.809 -1150.000 
 
-550.000 -88.773 -1150.000 
 
-500.000 -82.555 -1150.000 
 
-450.000 -81.866 -1150.000 
 
-400.000 -62.864 -1150.000 
 
-350.000 -68.857 -1150.000 
 
-300.000 -89.985 -1150.000 
 
-250.000 -58.028 -1150.000 
 
-200.000 -75.511 -1150.000 
 
-150.000 -125.799 -1150.000 
 
-100.000 -117.591 -1150.000 
 
-50.000 -128.651 -1150.000 
 
0.000 -111.406 -1150.000 
 
50.000 -113.607 -1150.000 
 
100.000 -24.707 -1150.000 
 
150.000 -23.496 -1150.000 
 
200.000 -26.456 -1150.000 
 
250.000 -26.934 -1150.000 
 
300.000 -12.110 -1150.000 
 
350.000 -2.902 -1150.000 
 
400.000 -5.222 -1150.000 
 
450.000 -2.587 -1150.000 
 
500.000 -8.341 -1150.000 
 
550.000 -19.181 -1150.000 
 
600.000 -26.511 -1150.000 
 
650.000 -24.966 -1150.000 
 
700.000 -19.110 -1150.000 
 
750.000 -20.745 -1150.000 
 
800.000 -23.924 -1150.000 
 
850.000 -24.143 -1150.000 
 
900.000 -23.850 -1150.000 
 
950.000 -20.749 -1150.000 
 
1000.000 -20.284 -1150.000 
 
1050.000 -36.869 -1150.000 
 
1100.000 -42.702 -1150.000 
 
1150.000 -40.580 -1150.000 
 
1200.000 -60.916 -1150.000 
 
1250.000 -54.045 -1150.000 
 
-1250.000 -41.050 -1200.000 
 
-1200.000 -50.631 -1200.000 
 
-1150.000 -80.463 -1200.000 
 
-1100.000 -126.687 -1200.000 
 
-1050.000 -103.410 -1200.000 
 
-1000.000 -108.748 -1200.000 
 
-950.000 -129.172 -1200.000 
 
-900.000 -167.394 -1200.000 
 
-850.000 -193.838 -1200.000 
 
-800.000 -204.039 -1200.000 
 
-750.000 -188.302 -1200.000 
 
-700.000 -204.278 -1200.000 
 
-650.000 -240.584 -1200.000 
 
-600.000 -206.340 -1200.000 
 
-550.000 -182.256 -1200.000 
 
-500.000 -151.781 -1200.000 
 
-450.000 -140.373 -1200.000 
 
-400.000 -129.808 -1200.000 
 
-350.000 -154.160 -1200.000 
 
-300.000 -176.891 -1200.000 
 
-250.000 -180.050 -1200.000 
 
-200.000 -204.749 -1200.000 
 
-150.000 -216.822 -1200.000 
 
-100.000 -151.736 -1200.000 
 
-50.000 -129.250 -1200.000 
 
0.000 -102.762 -1200.000 
 
50.000 -106.065 -1200.000 
 
100.000 -54.213 -1200.000 
 
150.000 -66.873 -1200.000 
 
200.000 -80.367 -1200.000 
 
250.000 -90.184 -1200.000 
 
300.000 -83.000 -1200.000 
 
350.000 -61.109 -1200.000 
 
400.000 -53.174 -1200.000 
 
450.000 -55.928 -1200.000 
 
500.000 -63.661 -1200.000 
 
550.000 -71.864 -1200.000 
 
600.000 -72.439 -1200.000 
 
650.000 -66.623 -1200.000 
 
700.000 -64.283 -1200.000 
 
750.000 -68.840 -1200.000 
 
800.000 -70.641 -1200.000 
 
850.000 -69.392 -1200.000 
 
900.000 -67.422 -1200.000 
 
950.000 -65.015 -1200.000 
 
1000.000 -66.948 -1200.000 
 
1050.000 -74.540 -1200.000 
 
1100.000 -75.438 -1200.000 
 
1150.000 -78.355 -1200.000 
 
1200.000 -91.998 -1200.000 
 
1250.000 -69.493 -1200.000 
 
-1250.000 -66.875 -1250.000 
 
-1200.000 -78.727 -1250.000 
 
-1150.000 -108.199 -1250.000 
 
-1100.000 -167.208 -1250.000 
 
-1050.000 -151.244 -1250.000 
 
-1000.000 -127.246 -1250.000 
 
-950.000 -120.501 -1250.000 
 
-900.000 -108.618 -1250.000 
 
-850.000 -136.744 -1250.000 
 
-800.000 -164.077 -1250.000 
 
-750.000 -154.469 -1250.000 
 
-700.000 -156.001 -1250.000 
 
-650.000 -178.746 -1250.000 
 
-600.000 -162.349 -1250.000 
 
-550.000 -143.541 -1250.000 
 
-500.000 -145.420 -1250.000 
 
-450.000 -128.818 -1250.000 
 
-400.000 -126.489 -1250.000 
 
-350.000 -156.737 -1250.000 
 
-300.000 -176.410 -1250.000 
 
-250.000 -199.577 -1250.000 
 
-200.000 -205.035 -1250.000 
 
-150.000 -187.105 -1250.000 
 
-100.000 -116.482 -1250.000 
 
-50.000 -40.551 -1250.000 
 
0.000 -43.886 -1250.000 
 
50.000 -61.916 -1250.000 
 
100.000 -46.938 -1250.000 
 
150.000 -59.055 -1250.000 
 
200.000 -80.691 -1250.000 
 
250.000 -101.295 -1250.000 
 
300.000 -102.093 -1250.000 
 
350.000 -86.248 -1250.000 
 
400.000 -75.507 -1250.000 
 
450.000 -74.554 -1250.000 
 
500.000 -77.441 -1250.000 
 
550.000 -76.944 -1250.000 
 
600.000 -69.325 -1250.000 
 
650.000 -61.643 -1250.000 
 
700.000 -60.965 -1250.000 
 
750.000 -66.581 -1250.000 
 
800.000 -67.633 -1250.000 
 
850.000 -64.024 -1250.000 
 
900.000 -62.451 -1250.000 
 
950.000 -63.241 -1250.000 
 
1000.000 -65.326 -1250.000 
 
1050.000 -68.164 -1250.000 
 
1100.000 -65.926 -1250.000 
 
1150.000 -74.489 -1250.000 
 
1200.000 -80.181 -1250.000 
 
1250.000 -57.819 -1250.000 
 